367,-0.012,-0.011,-0.014,-0.009,-0.017,-0.006,-0.008
367.1,-0.012,-0.011,-0.014,-0.009,-0.015,-0.006,-0.008
367.2,-0.012,-0.011,-0.014,-0.009,-0.015,-0.006,-0.008
367.3,-0.011,-0.011,-0.014,-0.009,-0.015,-0.006,-0.008
367.4,-0.011,-0.011,-0.014,-0.009,-0.015,-0.006,-0.008
367.5,-0.011,-0.011,-0.014,-0.009,-0.014,-0.006,-0.008
367.6,-0.011,-0.012,-0.014,-0.009,-0.014,-0.006,-0.008
367.7,-0.011,-0.012,-0.014,-0.009,-0.014,-0.006,-0.008
367.8,-0.011,-0.012,-0.014,-0.009,-0.014,-0.006,-0.009
367.9,-0.009,-0.011,-0.014,-0.009,-0.014,-0.006,-0.009
368,-0.009,-0.011,-0.014,-0.009,-0.014,-0.006,-0.009
368.1,-0.009,-0.011,-0.014,-0.009,-0.012,-0.006,-0.009
368.2,-0.009,-0.011,-0.014,-0.009,-0.012,-0.006,-0.009
368.3,-0.009,-0.011,-0.014,-0.009,-0.012,-0.006,-0.009
368.4,-0.008,-0.012,-0.012,-0.009,-0.012,-0.006,-0.009
368.5,-0.008,-0.011,-0.012,-0.009,-0.011,-0.006,-0.009
368.6,-0.008,-0.011,-0.012,-0.009,-0.011,-0.008,-0.009
368.7,-0.008,-0.011,-0.012,-0.009,-0.011,-0.008,-0.009
368.8,-0.008,-0.011,-0.012,-0.009,-0.011,-0.008,-0.009
368.9,-0.008,-0.011,-0.011,-0.008,-0.011,-0.008,-0.008
369,-0.008,-0.011,-0.011,-0.008,-0.009,-0.008,-0.008
369.1,-0.008,-0.011,-0.011,-0.009,-0.009,-0.006,-0.008
369.2,-0.008,-0.011,-0.011,-0.009,-0.009,-0.006,-0.008
369.3,-0.006,-0.009,-0.011,-0.009,-0.009,-0.006,-0.008
369.4,-0.006,-0.009,-0.011,-0.008,-0.009,-0.006,-0.008
369.5,-0.006,-0.009,-0.011,-0.008,-0.009,-0.006,-0.006
369.6,-0.006,-0.009,-0.009,-0.008,-0.009,-0.006,-0.006
369.7,-0.006,-0.009,-0.009,-0.008,-0.009,-0.006,-0.006
369.8,-0.006,-0.008,-0.009,-0.008,-0.008,-0.006,-0.006
369.9,-0.005,-0.008,-0.009,-0.008,-0.008,-0.006,-0.006
370,-0.005,-0.008,-0.009,-0.006,-0.008,-0.005,-0.005
370.1,-0.005,-0.008,-0.008,-0.006,-0.008,-0.005,-0.005
370.2,-0.005,-0.006,-0.008,-0.006,-0.008,-0.005,-0.005
370.3,-0.005,-0.006,-0.006,-0.006,-0.006,-0.005,-0.005
370.4,-0.003,-0.005,-0.006,-0.006,-0.006,-0.005,-0.005
370.5,-0.003,-0.005,-0.006,-0.006,-0.006,-0.005,-0.003
370.6,-0.003,-0.005,-0.005,-0.006,-0.006,-0.005,-0.003
370.7,-0.002,-0.003,-0.005,-0.006,-0.005,-0.005,-0.002
370.8,-0.002,-0.003,-0.005,-0.005,-0.005,-0.005,-0.002
370.9,-0.002,-0.002,-0.003,-0.005,-0.003,-0.005,0
371,-0.002,-0.002,-0.003,-0.005,-0.003,-0.003,0
371.1,0,0,-0.003,-0.005,-0.003,-0.003,0
371.2,0,0.002,-0.002,-0.003,-0.002,-0.003,0.002
371.3,0,0.002,0,-0.003,0,-0.003,0.003
371.4,0.002,0.003,0,-0.003,0,-0.003,0.003
371.5,0.002,0.005,0.002,-0.003,0.002,-0.002,0.005
371.6,0.003,0.006,0.003,-0.002,0.002,-0.002,0.005
371.7,0.003,0.008,0.003,-0.002,0.003,-0.002,0.006
371.8,0.005,0.009,0.005,0,0.005,0,0.008
371.9,0.006,0.011,0.006,0,0.005,0,0.009
372,0.008,0.012,0.006,0.002,0.006,0.002,0.009
372.1,0.008,0.014,0.008,0.002,0.008,0.002,0.011
372.2,0.009,0.015,0.009,0.003,0.008,0.002,0.012
372.3,0.011,0.017,0.011,0.003,0.009,0.003,0.014
372.4,0.011,0.02,0.012,0.005,0.011,0.003,0.017
372.5,0.012,0.021,0.014,0.006,0.012,0.005,0.018
372.6,0.014,0.023,0.015,0.006,0.014,0.006,0.02
372.7,0.015,0.026,0.018,0.008,0.015,0.006,0.021
372.8,0.017,0.029,0.02,0.009,0.018,0.008,0.024
372.9,0.018,0.032,0.021,0.011,0.02,0.009,0.026
373,0.02,0.035,0.024,0.011,0.021,0.011,0.029
373.1,0.023,0.037,0.026,0.012,0.024,0.012,0.031
373.2,0.024,0.041,0.029,0.014,0.026,0.012,0.034
373.3,0.027,0.044,0.032,0.015,0.029,0.014,0.037
373.4,0.029,0.047,0.034,0.018,0.031,0.015,0.04
373.5,0.032,0.052,0.037,0.02,0.034,0.017,0.043
373.6,0.034,0.056,0.041,0.021,0.037,0.02,0.046
373.7,0.037,0.061,0.044,0.023,0.04,0.021,0.05
373.8,0.04,0.066,0.047,0.026,0.043,0.023,0.053
373.9,0.043,0.07,0.05,0.027,0.046,0.026,0.058
374,0.046,0.075,0.055,0.031,0.049,0.027,0.063
374.1,0.049,0.081,0.06,0.034,0.053,0.031,0.067
374.2,0.053,0.087,0.064,0.037,0.056,0.032,0.07
374.3,0.056,0.093,0.069,0.04,0.061,0.035,0.076
374.4,0.06,0.099,0.073,0.041,0.066,0.038,0.081
374.5,0.064,0.107,0.079,0.044,0.07,0.041,0.087
374.6,0.069,0.114,0.084,0.049,0.075,0.044,0.093
374.7,0.073,0.122,0.09,0.052,0.081,0.047,0.099
374.8,0.078,0.131,0.096,0.055,0.085,0.05,0.105
374.9,0.084,0.14,0.102,0.06,0.092,0.055,0.111
375,0.089,0.15,0.11,0.064,0.098,0.058,0.119
375.1,0.095,0.16,0.117,0.069,0.105,0.063,0.127
375.2,0.101,0.171,0.125,0.073,0.111,0.067,0.136
375.3,0.108,0.183,0.134,0.078,0.119,0.072,0.143
375.4,0.114,0.195,0.143,0.084,0.128,0.076,0.153
375.5,0.122,0.209,0.153,0.089,0.136,0.081,0.163
375.6,0.13,0.224,0.163,0.095,0.145,0.087,0.172
375.7,0.137,0.24,0.175,0.101,0.154,0.092,0.183
375.8,0.146,0.256,0.186,0.108,0.165,0.098,0.195
375.9,0.156,0.273,0.198,0.116,0.175,0.105,0.208
376,0.165,0.293,0.212,0.122,0.188,0.111,0.221
376.1,0.175,0.313,0.226,0.131,0.2,0.119,0.235
376.2,0.186,0.334,0.241,0.14,0.212,0.127,0.25
376.3,0.198,0.357,0.258,0.15,0.226,0.134,0.266
376.4,0.211,0.381,0.275,0.159,0.241,0.143,0.282
376.5,0.223,0.407,0.293,0.169,0.258,0.153,0.301
376.6,0.237,0.436,0.314,0.18,0.273,0.162,0.319
376.7,0.252,0.465,0.334,0.192,0.291,0.172,0.339
376.8,0.267,0.497,0.357,0.204,0.31,0.185,0.36
376.9,0.284,0.533,0.381,0.217,0.331,0.195,0.383
377,0.302,0.569,0.406,0.232,0.352,0.208,0.407
377.1,0.32,0.61,0.433,0.247,0.374,0.221,0.435
377.2,0.34,0.658,0.462,0.264,0.4,0.235,0.465
377.3,0.362,0.708,0.494,0.281,0.426,0.249,0.5
377.4,0.385,0.764,0.529,0.299,0.456,0.266,0.54
377.5,0.41,0.827,0.568,0.317,0.488,0.281,0.583
377.6,0.438,0.897,0.61,0.339,0.523,0.299,0.632
377.7,0.47,0.975,0.658,0.36,0.563,0.317,0.688
377.8,0.505,1.062,0.711,0.385,0.607,0.337,0.751
377.9,0.545,1.158,0.769,0.409,0.659,0.359,0.822
378,0.591,1.265,0.836,0.436,0.714,0.381,0.903
378.1,0.641,1.382,0.909,0.465,0.778,0.407,0.993
378.2,0.697,1.514,0.992,0.499,0.85,0.435,1.096
378.3,0.763,1.659,1.085,0.534,0.929,0.465,1.21
378.4,0.836,1.819,1.187,0.574,1.019,0.499,1.337
378.5,0.919,1.994,1.302,0.62,1.122,0.536,1.479
378.6,1.012,2.185,1.428,0.67,1.233,0.578,1.636
378.7,1.117,2.394,1.569,0.726,1.358,0.626,1.808
378.8,1.234,2.621,1.724,0.789,1.497,0.679,1.999
378.9,1.364,2.867,1.895,0.859,1.651,0.739,2.208
379,1.509,3.134,2.081,0.938,1.822,0.806,2.437
379.1,1.671,3.423,2.287,1.025,2.007,0.88,2.686
379.2,1.848,3.732,2.51,1.123,2.211,0.966,2.954
379.3,2.042,4.065,2.753,1.233,2.432,1.06,3.246
379.4,2.254,4.422,3.015,1.353,2.675,1.166,3.56
379.5,2.487,4.802,3.297,1.488,2.939,1.285,3.9
379.6,2.739,5.206,3.601,1.636,3.223,1.414,4.263
379.7,3.014,5.64,3.929,1.801,3.528,1.559,4.651
379.8,3.311,6.099,4.283,1.982,3.859,1.721,5.067
379.9,3.63,6.587,4.66,2.179,4.213,1.898,5.511
380,3.975,7.103,5.061,2.394,4.59,2.09,5.983
380.1,4.346,7.648,5.492,2.629,4.996,2.304,6.485
380.2,4.744,8.221,5.946,2.884,5.429,2.536,7.018
380.3,5.168,8.824,6.432,3.16,5.891,2.788,7.579
380.4,5.621,9.459,6.944,3.459,6.38,3.061,8.171
380.5,6.104,10.123,7.487,3.783,6.898,3.358,8.794
380.6,6.615,10.815,8.06,4.129,7.448,3.676,9.448
380.7,7.156,11.539,8.664,4.5,8.026,4.019,10.135
380.8,7.729,12.294,9.296,4.897,8.635,4.387,10.855
380.9,8.333,13.08,9.961,5.318,9.276,4.784,11.604
381,8.968,13.896,10.655,5.769,9.949,5.206,12.386
381.1,9.634,14.745,11.383,6.248,10.652,5.656,13.199
381.2,10.332,15.619,12.138,6.758,11.388,6.134,14.043
381.3,11.061,16.525,12.927,7.297,12.152,6.642,14.919
381.4,11.824,17.462,13.744,7.867,12.95,7.181,15.826
381.5,12.619,18.428,14.592,8.466,13.782,7.747,16.765
381.6,13.446,19.427,15.472,9.096,14.642,8.347,17.731
381.7,14.304,20.45,16.385,9.756,15.533,8.977,18.733
381.8,15.193,21.501,17.329,10.452,16.46,9.637,19.763
381.9,16.116,22.58,18.3,11.176,17.412,10.33,20.824
382,17.072,23.688,19.301,11.935,18.396,11.057,21.913
382.1,18.057,24.815,20.329,12.723,19.409,11.815,23.03
382.2,19.075,25.974,21.39,13.544,20.454,12.607,24.174
382.3,20.125,27.151,22.479,14.4,21.529,13.431,25.34
382.4,21.202,28.355,23.596,15.286,22.633,14.285,26.537
382.5,22.313,29.578,24.741,16.203,23.766,15.173,27.759
382.6,23.453,30.824,25.912,17.155,24.924,16.095,29.004
382.7,24.62,32.094,27.109,18.138,26.108,17.049,30.272
382.8,25.813,33.38,28.329,19.154,27.318,18.034,31.561
382.9,27.032,34.683,29.575,20.201,28.557,19.057,32.87
383,28.275,36,30.843,21.278,29.814,20.107,34.2
383.1,29.544,37.329,32.127,22.385,31.096,21.188,35.542
383.2,30.838,38.669,33.43,23.52,32.397,22.302,36.899
383.3,32.149,40.019,34.752,24.683,33.719,23.444,38.268
383.4,33.482,41.383,36.087,25.876,35.054,24.612,39.642
383.5,34.833,42.747,37.437,27.095,36.401,25.809,41.032
383.6,36.195,44.119,38.799,28.337,37.77,27.034,42.426
383.7,37.575,45.493,40.17,29.602,39.148,28.281,43.825
383.8,38.966,46.866,41.55,30.891,40.535,29.553,45.226
383.9,40.364,48.235,42.931,32.204,41.927,30.849,46.628
384,41.774,49.599,44.319,33.533,43.324,32.167,48.029
384.1,43.187,50.96,45.708,34.88,44.722,33.502,49.428
384.2,44.608,52.318,47.099,36.241,46.123,34.854,50.824
384.3,46.025,53.662,48.486,37.619,47.527,36.223,52.209
384.4,47.45,55.002,49.873,39.003,48.929,37.61,53.59
384.5,48.872,56.328,51.254,40.401,50.328,39.005,54.958
384.6,50.288,57.639,52.629,41.805,51.717,40.41,56.316
384.7,51.7,58.929,53.999,43.222,53.096,41.826,57.657
384.8,53.101,60.205,55.357,44.64,54.465,43.245,58.984
384.9,54.495,61.462,56.697,46.059,55.826,44.67,60.292
385,55.876,62.703,58.028,47.478,57.173,46.097,61.581
385.1,57.245,63.925,59.341,48.9,58.508,47.527,62.845
385.2,58.597,65.121,60.64,50.314,59.825,48.953,64.088
385.3,59.933,66.295,61.916,51.727,61.121,50.374,65.309
385.4,61.249,67.439,63.17,53.134,62.395,51.788,66.504
385.5,62.541,68.561,64.398,54.527,63.647,53.197,67.674
385.6,63.812,69.652,65.604,55.908,64.88,54.597,68.822
385.7,65.06,70.718,66.785,57.277,66.086,55.986,69.931
385.8,66.281,71.754,67.935,58.63,67.267,57.358,71.014
385.9,67.48,72.758,69.066,59.967,68.42,58.713,72.07
386,68.652,73.738,70.168,61.282,69.548,60.057,73.091
386.1,69.795,74.687,71.237,62.576,70.639,61.375,74.088
386.2,70.914,75.606,72.275,63.853,71.706,62.674,75.046
386.3,71.997,76.495,73.288,65.106,72.745,63.954,75.975
386.4,73.051,77.35,74.266,66.331,73.75,65.205,76.874
386.5,74.075,78.178,75.22,67.531,74.724,66.435,77.744
386.6,75.064,78.975,76.144,68.707,75.67,67.638,78.589
386.7,76.022,79.741,77.034,69.849,76.588,68.817,79.391
386.8,76.953,80.479,77.895,70.967,77.466,69.96,80.165
386.9,77.849,81.183,78.723,72.054,78.314,71.08,80.91
387,78.711,81.86,79.521,73.111,79.129,72.168,81.624
387.1,79.549,82.512,80.292,74.135,79.919,73.228,82.306
387.2,80.348,83.139,81.03,75.131,80.678,74.257,82.959
387.3,81.122,83.736,81.741,76.099,81.409,75.255,83.583
387.4,81.86,84.299,82.419,77.039,82.109,76.221,84.177
387.5,82.57,84.84,83.07,77.94,82.773,77.155,84.749
387.6,83.246,85.355,83.691,78.815,83.408,78.055,85.291
387.7,83.887,85.843,84.291,79.654,84.016,78.925,85.803
387.8,84.505,86.305,84.857,80.463,84.596,79.767,86.29
387.9,85.094,86.748,85.39,81.236,85.153,80.576,86.752
388,85.655,87.161,85.898,81.981,85.683,81.349,87.189
388.1,86.186,87.556,86.385,82.692,86.185,82.095,87.602
388.2,86.693,87.929,86.839,83.376,86.658,82.805,87.988
388.3,87.172,88.277,87.276,84.027,87.106,83.487,88.361
388.4,87.622,88.606,87.685,84.651,87.529,84.137,88.708
388.5,88.051,88.924,88.078,85.243,87.932,84.761,89.035
388.6,88.458,89.218,88.451,85.802,88.312,85.353,89.342
388.7,88.843,89.496,88.799,86.337,88.67,85.916,89.627
388.8,89.207,89.76,89.127,86.85,89.003,86.453,89.893
388.9,89.549,90.004,89.441,87.335,89.319,86.961,90.149
389,89.87,90.233,89.732,87.791,89.618,87.444,90.388
389.1,90.163,90.451,90.001,88.225,89.894,87.9,90.607
389.2,90.44,90.651,90.259,88.637,90.154,88.327,90.817
389.3,90.701,90.84,90.492,89.021,90.401,88.728,91.014
389.4,90.945,91.02,90.718,89.384,90.633,89.108,91.199
389.5,91.177,91.188,90.927,89.726,90.842,89.467,91.373
389.6,91.385,91.348,91.129,90.048,91.043,89.806,91.531
389.7,91.586,91.496,91.313,90.347,91.231,90.121,91.681
389.8,91.769,91.638,91.483,90.623,91.405,90.417,91.814
389.9,91.945,91.772,91.641,90.892,91.568,90.694,91.948
390,92.104,91.899,91.789,91.136,91.719,90.956,92.075
390.1,92.252,92.018,91.93,91.364,91.866,91.199,92.195
390.2,92.393,92.133,92.062,91.577,92.003,91.426,92.305
390.3,92.52,92.242,92.192,91.782,92.131,91.634,92.412
390.4,92.644,92.346,92.31,91.965,92.247,91.827,92.509
390.5,92.758,92.439,92.424,92.136,92.357,92.009,92.604
390.6,92.862,92.535,92.529,92.293,92.461,92.177,92.697
390.7,92.966,92.624,92.63,92.444,92.564,92.334,92.781
390.8,93.059,92.708,92.728,92.583,92.662,92.482,92.863
390.9,93.153,92.795,92.815,92.714,92.754,92.615,92.944
391,93.243,92.88,92.903,92.836,92.844,92.738,93.018
391.1,93.321,92.958,92.99,92.947,92.928,92.851,93.091
391.2,93.399,93.036,93.074,93.054,93.004,92.964,93.156
391.3,93.475,93.112,93.152,93.156,93.079,93.066,93.225
391.4,93.547,93.181,93.227,93.248,93.152,93.169,93.297
391.5,93.614,93.25,93.3,93.341,93.225,93.262,93.358
391.6,93.684,93.317,93.372,93.423,93.294,93.352,93.42
391.7,93.753,93.379,93.439,93.506,93.361,93.433,93.478
391.8,93.814,93.44,93.498,93.584,93.423,93.512,93.539
391.9,93.874,93.501,93.562,93.658,93.486,93.591,93.599
392,93.93,93.559,93.622,93.729,93.549,93.666,93.658
392.1,93.982,93.619,93.675,93.796,93.607,93.738,93.715
392.2,94.038,93.677,93.733,93.86,93.666,93.806,93.768
392.3,94.096,93.727,93.791,93.925,93.726,93.872,93.825
392.4,94.148,93.784,93.84,93.987,93.781,93.939,93.877
392.5,94.2,93.828,93.9,94.046,93.837,94.002,93.922
392.6,94.244,93.877,93.95,94.102,93.886,94.064,93.968
392.7,94.292,93.922,93.999,94.153,93.936,94.118,94.014
392.8,94.341,93.968,94.044,94.208,93.987,94.174,94.061
392.9,94.382,94.017,94.09,94.261,94.034,94.232,94.104
393,94.431,94.061,94.139,94.312,94.083,94.284,94.151
393.1,94.472,94.106,94.186,94.359,94.125,94.334,94.196
393.2,94.516,94.144,94.232,94.411,94.173,94.385,94.237
393.3,94.559,94.188,94.278,94.461,94.217,94.429,94.278
393.4,94.601,94.231,94.321,94.508,94.26,94.475,94.319
393.5,94.641,94.27,94.362,94.553,94.298,94.525,94.359
393.6,94.682,94.307,94.405,94.595,94.344,94.571,94.402
393.7,94.716,94.348,94.443,94.638,94.385,94.615,94.441
393.8,94.756,94.385,94.485,94.682,94.426,94.661,94.476
393.9,94.789,94.429,94.525,94.724,94.463,94.704,94.511
394,94.826,94.467,94.56,94.766,94.502,94.74,94.55
394.1,94.862,94.502,94.597,94.806,94.537,94.786,94.583
394.2,94.894,94.534,94.635,94.847,94.574,94.826,94.62
394.3,94.934,94.571,94.67,94.888,94.608,94.867,94.656
394.4,94.965,94.606,94.704,94.928,94.644,94.908,94.699
394.5,95.001,94.638,94.739,94.965,94.679,94.943,94.739
394.6,95.035,94.673,94.771,95.006,94.714,94.975,94.774
394.7,95.073,94.705,94.804,95.038,94.745,95.009,94.807
394.8,95.105,94.734,94.836,95.076,94.778,95.042,94.839
394.9,95.134,94.769,94.868,95.108,94.812,95.085,94.872
395,95.168,94.801,94.904,95.142,94.846,95.117,94.902
395.1,95.197,94.833,94.936,95.178,94.881,95.152,94.937
395.2,95.229,94.864,94.969,95.213,94.911,95.181,94.969
395.3,95.256,94.894,95.001,95.248,94.942,95.213,95
395.4,95.284,94.926,95.032,95.282,94.971,95.244,95.029
395.5,95.309,94.958,95.064,95.314,95.003,95.276,95.059
395.6,95.341,94.989,95.094,95.343,95.033,95.305,95.087
395.7,95.367,95.024,95.125,95.375,95.061,95.335,95.116
395.8,95.401,95.053,95.155,95.403,95.093,95.364,95.146
395.9,95.427,95.085,95.187,95.438,95.125,95.395,95.178
396,95.456,95.117,95.216,95.468,95.154,95.424,95.204
396.1,95.477,95.145,95.247,95.496,95.183,95.453,95.233
396.2,95.5,95.168,95.274,95.526,95.207,95.482,95.259
396.3,95.523,95.197,95.305,95.554,95.235,95.512,95.288
396.4,95.547,95.226,95.337,95.581,95.265,95.54,95.316
396.5,95.572,95.253,95.364,95.607,95.288,95.57,95.338
396.6,95.598,95.28,95.392,95.633,95.319,95.596,95.366
396.7,95.627,95.306,95.419,95.662,95.343,95.624,95.39
396.8,95.651,95.337,95.448,95.688,95.367,95.645,95.416
396.9,95.682,95.363,95.474,95.715,95.396,95.674,95.439
397,95.708,95.387,95.5,95.738,95.421,95.697,95.465
397.1,95.731,95.413,95.525,95.766,95.45,95.724,95.493
397.2,95.753,95.439,95.551,95.787,95.473,95.747,95.517
397.3,95.776,95.462,95.578,95.813,95.499,95.769,95.54
397.4,95.799,95.49,95.604,95.839,95.522,95.796,95.564
397.5,95.821,95.509,95.627,95.863,95.546,95.818,95.589
397.6,95.85,95.534,95.656,95.88,95.572,95.84,95.605
397.7,95.871,95.555,95.679,95.905,95.592,95.865,95.627
397.8,95.892,95.578,95.702,95.926,95.616,95.888,95.645
397.9,95.912,95.599,95.723,95.947,95.642,95.912,95.665
398,95.93,95.621,95.746,95.969,95.663,95.934,95.688
398.1,95.949,95.644,95.766,95.993,95.685,95.953,95.708
398.2,95.969,95.665,95.787,96.014,95.708,95.972,95.732
398.3,95.99,95.685,95.807,96.036,95.728,95.99,95.752
398.4,96.007,95.705,95.828,96.054,95.747,96.005,95.772
398.5,96.027,95.724,95.851,96.066,95.77,96.022,95.789
398.6,96.045,95.744,95.869,96.085,95.786,96.039,95.805
398.7,96.063,95.761,95.889,96.103,95.802,96.056,95.821
398.8,96.077,95.778,95.906,96.117,95.824,96.072,95.839
398.9,96.097,95.796,95.924,96.136,95.844,96.092,95.856
399,96.114,95.815,95.943,96.155,95.859,96.112,95.869
399.1,96.13,95.836,95.961,96.172,95.874,96.129,95.882
399.2,96.144,95.848,95.978,96.19,95.889,96.146,95.9
399.3,96.164,95.863,95.993,96.21,95.905,96.162,95.914
399.4,96.179,95.883,96.005,96.228,95.923,96.179,95.929
399.5,96.193,95.894,96.021,96.242,95.938,96.19,95.941
399.6,96.207,95.908,96.03,96.259,95.949,96.201,95.956
399.7,96.223,95.921,96.048,96.275,95.964,96.217,95.972
399.8,96.234,95.93,96.062,96.289,95.975,96.234,95.985
399.9,96.248,95.949,96.078,96.3,95.992,96.248,95.999
400,96.259,95.958,96.089,96.315,96.002,96.265,96.008
400.1,96.266,95.973,96.101,96.327,96.013,96.274,96.022
400.2,96.277,95.99,96.111,96.342,96.031,96.284,96.034
400.3,96.289,96.002,96.126,96.352,96.043,96.295,96.046
400.4,96.304,96.013,96.135,96.365,96.053,96.31,96.059
400.5,96.312,96.027,96.144,96.379,96.065,96.323,96.071
400.6,96.324,96.04,96.152,96.387,96.072,96.333,96.085
400.7,96.335,96.054,96.162,96.396,96.086,96.347,96.092
400.8,96.341,96.059,96.167,96.413,96.1,96.359,96.106
400.9,96.35,96.069,96.179,96.425,96.112,96.371,96.112
401,96.358,96.082,96.191,96.437,96.121,96.381,96.124
401.1,96.367,96.094,96.207,96.445,96.13,96.393,96.132
401.2,96.376,96.103,96.217,96.451,96.144,96.4,96.138
401.3,96.39,96.111,96.225,96.458,96.155,96.408,96.149
401.4,96.394,96.12,96.234,96.472,96.164,96.419,96.156
401.5,96.402,96.126,96.242,96.481,96.175,96.425,96.164
401.6,96.408,96.136,96.252,96.49,96.184,96.439,96.172
401.7,96.42,96.146,96.26,96.504,96.193,96.448,96.182
401.8,96.431,96.153,96.268,96.518,96.205,96.457,96.194
401.9,96.439,96.165,96.277,96.527,96.214,96.465,96.205
402,96.448,96.178,96.288,96.538,96.222,96.471,96.208
402.1,96.458,96.187,96.297,96.544,96.231,96.481,96.217
402.2,96.465,96.198,96.304,96.548,96.239,96.49,96.223
402.3,96.477,96.201,96.312,96.553,96.251,96.498,96.233
402.4,96.489,96.211,96.32,96.562,96.263,96.506,96.242
402.5,96.498,96.22,96.326,96.57,96.274,96.513,96.249
402.6,96.507,96.231,96.338,96.579,96.281,96.523,96.26
402.7,96.521,96.242,96.346,96.588,96.294,96.538,96.269
402.8,96.532,96.252,96.359,96.596,96.306,96.552,96.277
402.9,96.541,96.262,96.361,96.603,96.315,96.562,96.286
403,96.552,96.274,96.371,96.614,96.329,96.57,96.298
403.1,96.559,96.283,96.376,96.626,96.341,96.577,96.309
403.2,96.565,96.295,96.384,96.634,96.35,96.588,96.324
403.3,96.574,96.303,96.393,96.643,96.359,96.603,96.336
403.4,96.587,96.315,96.405,96.654,96.37,96.617,96.347
403.5,96.597,96.321,96.411,96.663,96.378,96.628,96.356
403.6,96.603,96.332,96.425,96.674,96.39,96.64,96.364
403.7,96.616,96.336,96.432,96.678,96.402,96.651,96.378
403.8,96.626,96.346,96.448,96.686,96.417,96.66,96.387
403.9,96.635,96.358,96.457,96.698,96.423,96.667,96.399
404,96.643,96.375,96.469,96.706,96.431,96.675,96.408
404.1,96.654,96.388,96.478,96.709,96.44,96.687,96.419
404.2,96.661,96.394,96.489,96.715,96.451,96.7,96.428
404.3,96.672,96.405,96.497,96.727,96.46,96.712,96.442
404.4,96.681,96.419,96.504,96.738,96.468,96.724,96.457
404.5,96.69,96.431,96.518,96.748,96.475,96.732,96.469
404.6,96.701,96.443,96.527,96.751,96.484,96.745,96.481
404.7,96.715,96.455,96.538,96.761,96.498,96.756,96.492
404.8,96.725,96.465,96.545,96.77,96.51,96.768,96.5
404.9,96.738,96.474,96.556,96.776,96.523,96.782,96.51
405,96.75,96.484,96.567,96.783,96.533,96.794,96.521
405.1,96.761,96.495,96.577,96.791,96.545,96.805,96.533
405.2,96.771,96.5,96.59,96.805,96.553,96.823,96.548
405.3,96.779,96.51,96.602,96.815,96.561,96.832,96.562
405.4,96.786,96.516,96.611,96.829,96.57,96.841,96.577
405.5,96.794,96.529,96.622,96.84,96.576,96.854,96.588
405.6,96.802,96.538,96.632,96.844,96.584,96.863,96.6
405.7,96.811,96.547,96.645,96.855,96.593,96.873,96.613
405.8,96.82,96.558,96.655,96.861,96.603,96.881,96.625
405.9,96.828,96.568,96.666,96.87,96.611,96.886,96.637
406,96.84,96.581,96.672,96.878,96.617,96.89,96.648
406.1,96.848,96.593,96.687,96.884,96.631,96.896,96.658
406.2,96.855,96.602,96.693,96.893,96.638,96.909,96.667
406.3,96.861,96.609,96.706,96.901,96.643,96.918,96.675
406.4,96.873,96.622,96.716,96.909,96.651,96.928,96.678
406.5,96.884,96.628,96.729,96.915,96.66,96.933,96.686
406.6,96.895,96.634,96.738,96.919,96.667,96.942,96.695
406.7,96.904,96.646,96.748,96.928,96.678,96.953,96.704
406.8,96.912,96.654,96.761,96.933,96.684,96.96,96.715
406.9,96.921,96.667,96.771,96.942,96.693,96.968,96.721
407,96.927,96.677,96.779,96.954,96.701,96.976,96.729
407.1,96.935,96.681,96.79,96.959,96.713,96.983,96.735
407.2,96.945,96.692,96.799,96.967,96.722,96.992,96.742
407.3,96.953,96.701,96.808,96.977,96.733,96.997,96.751
407.4,96.959,96.713,96.814,96.986,96.741,97.006,96.761
407.5,96.967,96.724,96.822,96.996,96.747,97.008,96.767
407.6,96.973,96.732,96.831,97.005,96.751,97.011,96.774
407.7,96.98,96.741,96.835,97.011,96.765,97.017,96.78
407.8,96.989,96.75,96.84,97.02,96.773,97.02,96.79
407.9,96.994,96.759,96.851,97.028,96.777,97.031,96.797
408,97.005,96.768,96.857,97.034,96.785,97.032,96.808
408.1,97.009,96.779,96.867,97.044,96.788,97.034,96.815
408.2,97.014,96.791,96.873,97.05,96.796,97.044,96.82
408.3,97.02,96.799,96.883,97.057,96.802,97.05,96.828
408.4,97.023,96.806,96.887,97.061,96.812,97.054,96.832
408.5,97.031,96.814,96.895,97.07,96.82,97.063,96.84
408.6,97.038,96.826,96.902,97.075,96.828,97.066,96.846
408.7,97.043,96.831,96.91,97.083,96.835,97.075,96.858
408.8,97.052,96.84,96.918,97.089,96.844,97.079,96.863
408.9,97.058,96.848,96.925,97.095,96.854,97.084,96.869
409,97.066,96.855,96.935,97.102,96.86,97.092,96.878
409.1,97.073,96.863,96.944,97.11,96.867,97.099,96.881
409.2,97.075,96.87,96.95,97.118,96.877,97.108,96.887
409.3,97.078,96.878,96.956,97.128,96.884,97.118,96.896
409.4,97.086,96.889,96.965,97.131,96.89,97.121,96.902
409.5,97.093,96.896,96.971,97.139,96.899,97.131,96.909
409.6,97.096,96.907,96.982,97.145,96.91,97.131,96.919
409.7,97.104,96.918,96.983,97.153,96.916,97.139,96.927
409.8,97.108,96.925,96.991,97.159,96.927,97.144,96.931
409.9,97.115,96.93,97.003,97.166,96.935,97.147,96.941
410,97.122,96.939,97.008,97.174,96.941,97.148,96.948
410.1,97.127,96.947,97.017,97.18,96.947,97.154,96.957
410.2,97.134,96.954,97.025,97.183,96.954,97.16,96.962
410.3,97.142,96.962,97.031,97.191,96.96,97.166,96.971
410.4,97.15,96.967,97.038,97.198,96.967,97.174,96.98
410.5,97.156,96.974,97.043,97.205,96.974,97.179,96.991
410.6,97.166,96.982,97.054,97.212,96.985,97.183,96.999
410.7,97.173,96.988,97.063,97.215,96.997,97.192,97.006
410.8,97.182,96.997,97.072,97.221,97.011,97.202,97.015
410.9,97.186,97.006,97.086,97.226,97.017,97.214,97.025
411,97.194,97.011,97.096,97.231,97.028,97.223,97.029
411.1,97.2,97.02,97.102,97.24,97.035,97.227,97.035
411.2,97.203,97.028,97.115,97.244,97.04,97.237,97.044
411.3,97.211,97.035,97.119,97.249,97.049,97.243,97.054
411.4,97.217,97.043,97.131,97.26,97.055,97.246,97.063
411.5,97.226,97.052,97.139,97.269,97.063,97.256,97.069
411.6,97.235,97.061,97.145,97.275,97.07,97.263,97.078
411.7,97.241,97.069,97.154,97.279,97.078,97.267,97.081
411.8,97.249,97.073,97.163,97.284,97.089,97.273,97.092
411.9,97.256,97.086,97.171,97.29,97.096,97.276,97.098
412,97.263,97.092,97.18,97.301,97.104,97.282,97.105
412.1,97.27,97.098,97.188,97.304,97.108,97.287,97.112
412.2,97.276,97.107,97.195,97.311,97.115,97.295,97.118
412.3,97.282,97.113,97.202,97.313,97.124,97.302,97.127
412.4,97.292,97.121,97.209,97.318,97.127,97.305,97.133
412.5,97.301,97.13,97.212,97.322,97.134,97.308,97.142
412.6,97.305,97.134,97.223,97.331,97.147,97.318,97.15
412.7,97.313,97.144,97.229,97.333,97.156,97.321,97.16
412.8,97.319,97.15,97.234,97.34,97.163,97.328,97.168
412.9,97.324,97.157,97.243,97.345,97.173,97.333,97.174
413,97.328,97.165,97.249,97.354,97.176,97.34,97.185
413.1,97.336,97.174,97.252,97.359,97.183,97.346,97.186
413.2,97.345,97.18,97.26,97.365,97.191,97.356,97.188
413.3,97.348,97.185,97.263,97.371,97.198,97.365,97.194
413.4,97.354,97.192,97.267,97.375,97.202,97.371,97.2
413.5,97.357,97.197,97.27,97.379,97.212,97.377,97.209
413.6,97.365,97.2,97.276,97.386,97.218,97.385,97.212
413.7,97.372,97.205,97.287,97.394,97.223,97.391,97.218
413.8,97.38,97.209,97.289,97.4,97.227,97.4,97.223
413.9,97.385,97.215,97.296,97.409,97.227,97.403,97.231
414,97.392,97.22,97.301,97.415,97.231,97.411,97.234
414.1,97.398,97.223,97.302,97.427,97.234,97.417,97.238
414.2,97.401,97.229,97.307,97.437,97.237,97.424,97.24
414.3,97.408,97.232,97.313,97.443,97.243,97.43,97.243
414.4,97.414,97.234,97.318,97.452,97.249,97.437,97.244
414.5,97.42,97.234,97.322,97.455,97.253,97.444,97.247
414.6,97.429,97.235,97.322,97.462,97.258,97.45,97.252
414.7,97.432,97.232,97.325,97.462,97.263,97.453,97.255
414.8,97.433,97.232,97.328,97.47,97.264,97.458,97.252
414.9,97.437,97.232,97.328,97.478,97.269,97.462,97.255
415,97.438,97.231,97.328,97.482,97.269,97.469,97.249
415.1,97.44,97.227,97.325,97.485,97.272,97.473,97.247
415.2,97.438,97.224,97.322,97.488,97.272,97.476,97.244
415.3,97.435,97.221,97.321,97.493,97.272,97.484,97.243
415.4,97.433,97.217,97.316,97.496,97.272,97.484,97.238
415.5,97.432,97.209,97.314,97.501,97.267,97.488,97.235
415.6,97.429,97.205,97.318,97.499,97.269,97.49,97.231
415.7,97.424,97.195,97.313,97.499,97.264,97.493,97.226
415.8,97.421,97.188,97.304,97.499,97.256,97.495,97.22
415.9,97.418,97.179,97.298,97.498,97.252,97.496,97.211
416,97.417,97.168,97.293,97.491,97.246,97.496,97.202
416.1,97.414,97.157,97.285,97.487,97.24,97.493,97.192
416.2,97.406,97.141,97.279,97.481,97.231,97.493,97.182
416.3,97.403,97.128,97.272,97.476,97.223,97.49,97.176
416.4,97.394,97.116,97.258,97.473,97.215,97.484,97.166
416.5,97.385,97.105,97.249,97.472,97.206,97.479,97.15
416.6,97.379,97.092,97.24,97.469,97.2,97.481,97.137
416.7,97.371,97.073,97.226,97.467,97.186,97.476,97.122
416.8,97.362,97.061,97.212,97.461,97.177,97.472,97.108
416.9,97.353,97.046,97.195,97.452,97.163,97.466,97.092
417,97.336,97.029,97.183,97.441,97.154,97.459,97.076
417.1,97.324,97.012,97.165,97.433,97.145,97.453,97.06
417.2,97.308,96.991,97.148,97.424,97.131,97.444,97.041
417.3,97.293,96.968,97.134,97.411,97.119,97.438,97.021
417.4,97.281,96.945,97.115,97.4,97.099,97.426,97.005
417.5,97.266,96.927,97.098,97.386,97.083,97.418,96.985
417.6,97.249,96.91,97.079,97.372,97.066,97.409,96.967
417.7,97.229,96.892,97.06,97.362,97.049,97.4,96.944
417.8,97.208,96.87,97.043,97.343,97.028,97.391,96.922
417.9,97.191,96.851,97.023,97.333,97.009,97.377,96.898
418,97.174,96.828,97.003,97.316,96.994,97.363,96.881
418.1,97.157,96.808,96.985,97.298,96.973,97.354,96.86
418.2,97.141,96.788,96.965,97.285,96.953,97.34,96.841
418.3,97.122,96.768,96.947,97.272,96.935,97.331,96.817
418.4,97.104,96.748,96.93,97.253,96.915,97.319,96.8
418.5,97.087,96.73,96.909,97.238,96.896,97.307,96.776
418.6,97.073,96.706,96.889,97.223,96.88,97.29,96.756
418.7,97.057,96.687,96.866,97.205,96.857,97.27,96.733
418.8,97.04,96.667,96.84,97.189,96.838,97.258,96.712
418.9,97.02,96.643,96.825,97.173,96.822,97.246,96.69
419,97.003,96.622,96.806,97.159,96.803,97.232,96.667
419.1,96.982,96.602,96.785,97.144,96.783,97.217,96.648
419.2,96.96,96.579,96.764,97.128,96.762,97.2,96.628
419.3,96.939,96.559,96.741,97.113,96.742,97.191,96.605
419.4,96.922,96.542,96.721,97.096,96.724,97.174,96.587
419.5,96.898,96.524,96.696,97.075,96.7,97.157,96.562
419.6,96.872,96.503,96.678,97.058,96.681,97.142,96.544
419.7,96.855,96.481,96.658,97.037,96.658,97.125,96.529
419.8,96.832,96.46,96.64,97.018,96.638,97.104,96.51
419.9,96.811,96.445,96.623,96.999,96.617,97.087,96.49
420,96.786,96.425,96.6,96.979,96.597,97.067,96.466
420.1,96.762,96.407,96.581,96.959,96.579,97.046,96.448
420.2,96.744,96.387,96.562,96.944,96.555,97.026,96.428
420.3,96.725,96.368,96.539,96.921,96.53,97.011,96.408
420.4,96.706,96.353,96.519,96.899,96.509,96.991,96.391
420.5,96.686,96.339,96.498,96.88,96.489,96.968,96.373
420.6,96.664,96.326,96.478,96.857,96.472,96.95,96.356
420.7,96.643,96.307,96.458,96.84,96.449,96.928,96.339
420.8,96.626,96.291,96.439,96.819,96.428,96.909,96.321
420.9,96.606,96.275,96.422,96.796,96.41,96.889,96.307
421,96.591,96.257,96.402,96.777,96.393,96.869,96.294
421.1,96.571,96.243,96.382,96.756,96.373,96.848,96.283
421.2,96.552,96.23,96.364,96.738,96.352,96.829,96.271
421.3,96.533,96.216,96.347,96.716,96.339,96.809,96.257
421.4,96.516,96.205,96.329,96.698,96.323,96.79,96.245
421.5,96.501,96.193,96.315,96.677,96.304,96.77,96.236
421.6,96.484,96.184,96.3,96.655,96.289,96.748,96.222
421.7,96.469,96.173,96.286,96.635,96.274,96.727,96.214
421.8,96.448,96.165,96.274,96.614,96.26,96.71,96.207
421.9,96.432,96.156,96.263,96.599,96.246,96.698,96.199
422,96.416,96.15,96.252,96.584,96.234,96.677,96.19
422.1,96.405,96.147,96.239,96.562,96.222,96.654,96.181
422.2,96.393,96.144,96.234,96.542,96.207,96.634,96.176
422.3,96.387,96.141,96.228,96.529,96.196,96.617,96.173
422.4,96.373,96.141,96.219,96.512,96.187,96.602,96.169
422.5,96.364,96.141,96.214,96.497,96.181,96.582,96.169
422.6,96.356,96.141,96.207,96.483,96.175,96.567,96.162
422.7,96.35,96.144,96.207,96.472,96.172,96.553,96.164
422.8,96.349,96.147,96.202,96.457,96.164,96.541,96.162
422.9,96.346,96.15,96.202,96.442,96.162,96.53,96.164
423,96.341,96.158,96.202,96.431,96.161,96.518,96.167
423.1,96.336,96.162,96.204,96.419,96.161,96.503,96.172
423.2,96.335,96.169,96.205,96.41,96.161,96.492,96.181
423.3,96.335,96.179,96.211,96.399,96.164,96.48,96.187
423.4,96.333,96.19,96.213,96.388,96.167,96.472,96.196
423.5,96.333,96.199,96.222,96.385,96.175,96.465,96.204
423.6,96.333,96.21,96.231,96.381,96.178,96.458,96.213
423.7,96.338,96.22,96.242,96.376,96.182,96.455,96.225
423.8,96.341,96.233,96.251,96.371,96.191,96.451,96.237
423.9,96.347,96.249,96.262,96.367,96.201,96.443,96.252
424,96.353,96.266,96.274,96.367,96.214,96.439,96.265
424.1,96.362,96.28,96.284,96.367,96.228,96.437,96.28
424.2,96.365,96.298,96.298,96.37,96.24,96.437,96.294
424.3,96.373,96.318,96.313,96.371,96.249,96.442,96.309
424.4,96.384,96.338,96.332,96.371,96.265,96.439,96.326
424.5,96.394,96.359,96.349,96.376,96.28,96.439,96.347
424.6,96.408,96.381,96.368,96.375,96.294,96.44,96.367
424.7,96.419,96.4,96.385,96.381,96.313,96.442,96.39
424.8,96.431,96.423,96.402,96.39,96.327,96.445,96.411
424.9,96.443,96.446,96.42,96.396,96.344,96.449,96.432
425,96.458,96.472,96.442,96.402,96.361,96.455,96.455
425.1,96.472,96.495,96.461,96.407,96.381,96.457,96.477
425.2,96.489,96.519,96.483,96.414,96.4,96.463,96.5
425.3,96.503,96.544,96.507,96.428,96.419,96.472,96.524
425.4,96.519,96.568,96.526,96.44,96.443,96.478,96.548
425.5,96.533,96.593,96.547,96.449,96.463,96.486,96.571
425.6,96.553,96.617,96.571,96.461,96.487,96.494,96.593
425.7,96.571,96.642,96.596,96.478,96.506,96.504,96.617
425.8,96.59,96.666,96.622,96.49,96.527,96.513,96.643
425.9,96.609,96.69,96.645,96.503,96.552,96.521,96.669
426,96.628,96.719,96.667,96.518,96.579,96.53,96.7
426.1,96.646,96.747,96.689,96.536,96.605,96.541,96.724
426.2,96.669,96.771,96.712,96.555,96.629,96.556,96.748
426.3,96.692,96.797,96.736,96.571,96.657,96.571,96.776
426.4,96.713,96.826,96.767,96.591,96.684,96.59,96.805
426.5,96.736,96.851,96.793,96.611,96.712,96.609,96.831
426.6,96.767,96.878,96.82,96.635,96.741,96.626,96.857
426.7,96.79,96.91,96.851,96.658,96.771,96.645,96.886
426.8,96.817,96.936,96.877,96.681,96.802,96.664,96.915
426.9,96.843,96.965,96.906,96.706,96.831,96.681,96.942
427,96.869,96.991,96.933,96.732,96.857,96.704,96.97
427.1,96.898,97.017,96.962,96.754,96.886,96.73,96.996
427.2,96.924,97.043,96.992,96.78,96.916,96.754,97.025
427.3,96.95,97.072,97.02,96.806,96.942,96.777,97.054
427.4,96.979,97.098,97.05,96.831,96.97,96.8,97.079
427.5,97.008,97.125,97.079,96.858,97,96.822,97.107
427.6,97.035,97.151,97.107,96.886,97.029,96.851,97.133
427.7,97.061,97.173,97.136,96.912,97.054,96.875,97.156
427.8,97.087,97.197,97.165,96.942,97.079,96.898,97.179
427.9,97.115,97.22,97.195,96.97,97.104,96.925,97.203
428,97.144,97.243,97.226,96.996,97.133,96.954,97.231
428.1,97.173,97.267,97.255,97.028,97.163,96.982,97.255
428.2,97.198,97.289,97.278,97.06,97.191,97.008,97.278
428.3,97.227,97.313,97.304,97.092,97.217,97.041,97.302
428.4,97.255,97.336,97.331,97.119,97.246,97.07,97.325
428.5,97.278,97.354,97.354,97.145,97.267,97.095,97.345
428.6,97.301,97.372,97.374,97.173,97.287,97.121,97.36
428.7,97.324,97.389,97.395,97.198,97.311,97.147,97.382
428.8,97.343,97.404,97.415,97.224,97.333,97.171,97.4
428.9,97.365,97.42,97.433,97.249,97.351,97.195,97.418
429,97.385,97.437,97.453,97.275,97.374,97.221,97.435
429.1,97.403,97.449,97.473,97.301,97.392,97.247,97.447
429.2,97.421,97.458,97.495,97.328,97.411,97.272,97.461
429.3,97.44,97.47,97.513,97.354,97.426,97.296,97.472
429.4,97.455,97.481,97.53,97.374,97.44,97.319,97.485
429.5,97.473,97.491,97.546,97.398,97.449,97.343,97.495
429.6,97.491,97.499,97.557,97.418,97.462,97.359,97.504
429.7,97.504,97.507,97.568,97.441,97.475,97.377,97.51
429.8,97.511,97.513,97.578,97.456,97.482,97.394,97.519
429.9,97.525,97.516,97.586,97.472,97.487,97.406,97.525
430,97.536,97.523,97.595,97.487,97.493,97.424,97.531
430.1,97.543,97.527,97.603,97.502,97.501,97.438,97.534
430.2,97.549,97.533,97.607,97.516,97.508,97.452,97.537
430.3,97.554,97.534,97.612,97.527,97.513,97.462,97.542
430.4,97.56,97.539,97.614,97.54,97.514,97.47,97.542
430.5,97.563,97.537,97.615,97.552,97.517,97.479,97.542
430.6,97.568,97.537,97.617,97.563,97.52,97.487,97.545
430.7,97.572,97.534,97.618,97.571,97.522,97.498,97.54
430.8,97.571,97.533,97.62,97.581,97.522,97.504,97.542
430.9,97.575,97.534,97.62,97.589,97.525,97.51,97.542
431,97.575,97.533,97.618,97.598,97.53,97.519,97.54
431.1,97.572,97.533,97.615,97.604,97.531,97.52,97.537
431.2,97.574,97.53,97.614,97.609,97.528,97.525,97.533
431.3,97.574,97.528,97.612,97.61,97.527,97.525,97.531
431.4,97.574,97.527,97.61,97.612,97.525,97.528,97.528
431.5,97.571,97.523,97.609,97.612,97.522,97.527,97.528
431.6,97.569,97.519,97.607,97.614,97.517,97.527,97.527
431.7,97.572,97.519,97.61,97.618,97.52,97.528,97.53
431.8,97.571,97.516,97.607,97.623,97.517,97.528,97.53
431.9,97.569,97.516,97.609,97.626,97.516,97.528,97.528
432,97.571,97.517,97.607,97.629,97.513,97.528,97.528
432.1,97.571,97.517,97.612,97.63,97.514,97.527,97.525
432.2,97.569,97.514,97.609,97.632,97.513,97.53,97.523
432.3,97.569,97.52,97.609,97.635,97.511,97.528,97.523
432.4,97.565,97.519,97.607,97.633,97.508,97.523,97.522
432.5,97.563,97.519,97.606,97.633,97.507,97.522,97.522
432.6,97.565,97.519,97.603,97.635,97.507,97.517,97.522
432.7,97.56,97.52,97.6,97.633,97.507,97.511,97.522
432.8,97.556,97.52,97.601,97.635,97.504,97.511,97.52
432.9,97.556,97.523,97.603,97.635,97.502,97.507,97.523
433,97.554,97.523,97.603,97.633,97.501,97.502,97.523
433.1,97.552,97.523,97.603,97.633,97.501,97.501,97.523
433.2,97.548,97.52,97.603,97.633,97.501,97.495,97.525
433.3,97.548,97.522,97.603,97.632,97.498,97.49,97.53
433.4,97.548,97.527,97.604,97.63,97.498,97.485,97.533
433.5,97.549,97.527,97.603,97.63,97.501,97.481,97.533
433.6,97.551,97.528,97.606,97.629,97.502,97.476,97.536
433.7,97.554,97.53,97.609,97.627,97.505,97.476,97.537
433.8,97.556,97.534,97.612,97.627,97.507,97.473,97.539
433.9,97.554,97.537,97.615,97.627,97.51,97.469,97.543
434,97.556,97.543,97.618,97.626,97.513,97.466,97.542
434.1,97.556,97.546,97.621,97.626,97.513,97.466,97.545
434.2,97.56,97.548,97.621,97.624,97.513,97.459,97.551
434.3,97.563,97.552,97.624,97.623,97.514,97.461,97.552
434.4,97.566,97.556,97.624,97.623,97.517,97.456,97.554
434.5,97.568,97.559,97.627,97.623,97.519,97.456,97.554
434.6,97.571,97.56,97.63,97.624,97.523,97.453,97.556
434.7,97.572,97.563,97.632,97.624,97.525,97.452,97.556
434.8,97.575,97.565,97.63,97.627,97.528,97.45,97.559
434.9,97.574,97.566,97.632,97.627,97.53,97.452,97.559
435,97.578,97.571,97.636,97.627,97.531,97.45,97.56
435.1,97.581,97.572,97.638,97.627,97.534,97.452,97.563
435.2,97.583,97.574,97.641,97.627,97.539,97.456,97.562
435.3,97.586,97.572,97.638,97.63,97.542,97.458,97.563
435.4,97.586,97.572,97.641,97.633,97.54,97.455,97.568
435.5,97.589,97.571,97.643,97.635,97.542,97.456,97.568
435.6,97.592,97.577,97.646,97.635,97.545,97.461,97.568
435.7,97.595,97.578,97.65,97.635,97.546,97.462,97.569
435.8,97.595,97.58,97.655,97.638,97.548,97.464,97.571
435.9,97.598,97.581,97.656,97.639,97.549,97.47,97.572
436,97.601,97.585,97.659,97.641,97.552,97.476,97.574
436.1,97.604,97.586,97.662,97.644,97.557,97.484,97.578
436.2,97.609,97.586,97.665,97.649,97.563,97.49,97.58
436.3,97.612,97.588,97.667,97.653,97.566,97.496,97.583
436.4,97.62,97.589,97.667,97.658,97.572,97.502,97.588
436.5,97.623,97.591,97.672,97.664,97.577,97.51,97.588
436.6,97.626,97.591,97.676,97.667,97.58,97.514,97.589
436.7,97.63,97.594,97.681,97.675,97.58,97.519,97.591
436.8,97.63,97.597,97.682,97.676,97.581,97.528,97.592
436.9,97.632,97.603,97.687,97.681,97.581,97.531,97.595
437,97.635,97.604,97.69,97.687,97.585,97.539,97.595
437.1,97.639,97.606,97.69,97.688,97.588,97.546,97.595
437.2,97.644,97.606,97.691,97.694,97.591,97.552,97.6
437.3,97.644,97.604,97.691,97.699,97.592,97.559,97.6
437.4,97.646,97.606,97.694,97.704,97.594,97.566,97.601
437.5,97.649,97.606,97.697,97.71,97.597,97.571,97.603
437.6,97.649,97.606,97.697,97.714,97.595,97.575,97.603
437.7,97.65,97.609,97.696,97.719,97.598,97.578,97.603
437.8,97.65,97.609,97.696,97.723,97.597,97.586,97.606
437.9,97.652,97.606,97.697,97.723,97.598,97.589,97.607
438,97.652,97.606,97.699,97.726,97.597,97.594,97.603
438.1,97.653,97.603,97.699,97.729,97.597,97.598,97.603
438.2,97.653,97.603,97.699,97.733,97.597,97.603,97.601
438.3,97.653,97.603,97.701,97.734,97.598,97.606,97.601
438.4,97.655,97.601,97.701,97.739,97.598,97.607,97.603
438.5,97.653,97.603,97.701,97.742,97.595,97.609,97.603
438.6,97.653,97.604,97.701,97.742,97.595,97.614,97.598
438.7,97.652,97.603,97.699,97.745,97.594,97.615,97.597
438.8,97.653,97.598,97.701,97.746,97.594,97.617,97.597
438.9,97.655,97.598,97.697,97.749,97.592,97.617,97.597
439,97.653,97.597,97.696,97.748,97.591,97.615,97.598
439.1,97.652,97.595,97.694,97.752,97.589,97.614,97.597
439.2,97.652,97.595,97.693,97.752,97.588,97.61,97.595
439.3,97.652,97.594,97.691,97.752,97.585,97.607,97.592
439.4,97.647,97.595,97.688,97.751,97.581,97.607,97.592
439.5,97.644,97.595,97.688,97.748,97.577,97.604,97.588
439.6,97.641,97.594,97.687,97.745,97.572,97.601,97.585
439.7,97.639,97.597,97.681,97.74,97.569,97.598,97.585
439.8,97.636,97.597,97.679,97.74,97.569,97.595,97.581
439.9,97.633,97.598,97.681,97.737,97.569,97.594,97.581
440,97.633,97.595,97.678,97.736,97.568,97.591,97.58
440.1,97.632,97.591,97.675,97.736,97.566,97.586,97.581
440.2,97.629,97.591,97.672,97.729,97.562,97.583,97.581
440.3,97.626,97.592,97.67,97.728,97.559,97.581,97.581
440.4,97.626,97.592,97.668,97.723,97.556,97.577,97.581
440.5,97.627,97.595,97.668,97.72,97.552,97.572,97.581
440.6,97.624,97.597,97.67,97.716,97.551,97.568,97.58
440.7,97.621,97.6,97.668,97.711,97.551,97.566,97.581
440.8,97.618,97.603,97.67,97.708,97.554,97.563,97.583
440.9,97.62,97.601,97.673,97.704,97.554,97.559,97.586
441,97.623,97.604,97.673,97.701,97.556,97.557,97.585
441.1,97.62,97.607,97.672,97.702,97.556,97.557,97.586
441.2,97.623,97.614,97.672,97.702,97.56,97.557,97.589
441.3,97.624,97.621,97.676,97.701,97.563,97.557,97.594
441.4,97.624,97.627,97.679,97.699,97.566,97.557,97.6
441.5,97.629,97.632,97.684,97.697,97.569,97.557,97.601
441.6,97.633,97.635,97.685,97.696,97.572,97.559,97.601
441.7,97.635,97.639,97.691,97.696,97.58,97.559,97.607
441.8,97.638,97.646,97.694,97.696,97.586,97.56,97.617
441.9,97.643,97.653,97.697,97.696,97.591,97.56,97.623
442,97.65,97.664,97.701,97.696,97.597,97.562,97.629
442.1,97.655,97.67,97.705,97.696,97.603,97.568,97.633
442.2,97.661,97.675,97.711,97.702,97.61,97.574,97.638
442.3,97.667,97.682,97.714,97.705,97.62,97.578,97.644
442.4,97.673,97.687,97.72,97.708,97.624,97.581,97.65
442.5,97.679,97.693,97.728,97.711,97.63,97.588,97.656
442.6,97.69,97.699,97.737,97.714,97.636,97.589,97.664
442.7,97.699,97.707,97.743,97.719,97.646,97.595,97.673
442.8,97.705,97.714,97.751,97.723,97.655,97.601,97.678
442.9,97.711,97.716,97.757,97.729,97.664,97.606,97.684
443,97.719,97.72,97.765,97.733,97.668,97.617,97.691
443.1,97.726,97.725,97.768,97.736,97.676,97.623,97.699
443.2,97.734,97.734,97.772,97.745,97.684,97.629,97.707
443.3,97.74,97.742,97.78,97.749,97.691,97.636,97.711
443.4,97.751,97.745,97.784,97.755,97.701,97.644,97.717
443.5,97.758,97.749,97.792,97.763,97.708,97.65,97.723
443.6,97.763,97.755,97.797,97.769,97.714,97.659,97.726
443.7,97.769,97.758,97.801,97.775,97.72,97.667,97.731
443.8,97.777,97.765,97.803,97.784,97.729,97.675,97.737
443.9,97.786,97.766,97.809,97.792,97.736,97.681,97.743
444,97.794,97.768,97.816,97.798,97.74,97.69,97.749
444.1,97.801,97.772,97.82,97.809,97.745,97.699,97.755
444.2,97.806,97.774,97.829,97.815,97.751,97.708,97.76
444.3,97.815,97.778,97.833,97.821,97.754,97.714,97.766
444.4,97.82,97.78,97.838,97.826,97.757,97.719,97.771
444.5,97.824,97.783,97.839,97.832,97.76,97.723,97.772
444.6,97.829,97.781,97.839,97.836,97.762,97.731,97.774
444.7,97.832,97.781,97.841,97.841,97.765,97.737,97.777
444.8,97.836,97.784,97.841,97.845,97.766,97.74,97.781
444.9,97.842,97.786,97.842,97.847,97.768,97.746,97.783
445,97.845,97.787,97.845,97.856,97.769,97.752,97.783
445.1,97.847,97.786,97.845,97.859,97.771,97.76,97.784
445.2,97.847,97.784,97.849,97.864,97.772,97.765,97.787
445.3,97.849,97.784,97.85,97.867,97.774,97.768,97.787
445.4,97.852,97.784,97.852,97.868,97.772,97.772,97.787
445.5,97.855,97.786,97.855,97.867,97.772,97.775,97.791
445.6,97.858,97.786,97.855,97.868,97.774,97.778,97.791
445.7,97.859,97.786,97.853,97.868,97.772,97.783,97.792
445.8,97.861,97.783,97.852,97.873,97.772,97.789,97.792
445.9,97.862,97.781,97.85,97.876,97.769,97.792,97.791
446,97.861,97.781,97.853,97.878,97.768,97.794,97.792
446.1,97.862,97.783,97.856,97.879,97.766,97.797,97.789
446.2,97.864,97.783,97.853,97.882,97.766,97.798,97.792
446.3,97.864,97.78,97.852,97.882,97.765,97.8,97.792
446.4,97.862,97.778,97.853,97.882,97.763,97.801,97.792
446.5,97.861,97.78,97.853,97.884,97.765,97.804,97.791
446.6,97.862,97.783,97.853,97.887,97.763,97.803,97.787
446.7,97.864,97.783,97.85,97.887,97.763,97.801,97.787
446.8,97.865,97.78,97.85,97.888,97.763,97.801,97.786
446.9,97.862,97.781,97.85,97.888,97.766,97.8,97.786
447,97.861,97.778,97.853,97.888,97.76,97.801,97.786
447.1,97.861,97.78,97.853,97.888,97.758,97.803,97.786
447.2,97.859,97.781,97.852,97.888,97.757,97.801,97.786
447.3,97.856,97.781,97.853,97.885,97.758,97.798,97.783
447.4,97.855,97.783,97.85,97.887,97.755,97.794,97.78
447.5,97.853,97.783,97.853,97.885,97.755,97.794,97.78
447.6,97.852,97.784,97.853,97.884,97.755,97.792,97.78
447.7,97.853,97.783,97.85,97.884,97.754,97.791,97.781
447.8,97.852,97.787,97.852,97.882,97.758,97.787,97.783
447.9,97.85,97.789,97.853,97.882,97.758,97.784,97.783
448,97.849,97.789,97.855,97.882,97.76,97.781,97.786
448.1,97.849,97.792,97.855,97.881,97.76,97.78,97.787
448.2,97.849,97.792,97.856,97.878,97.763,97.777,97.789
448.3,97.853,97.797,97.859,97.876,97.763,97.775,97.792
448.4,97.855,97.798,97.859,97.874,97.763,97.774,97.792
448.5,97.856,97.803,97.861,97.878,97.763,97.772,97.797
448.6,97.855,97.806,97.865,97.878,97.768,97.769,97.801
448.7,97.856,97.809,97.865,97.879,97.772,97.769,97.803
448.8,97.855,97.813,97.868,97.881,97.775,97.769,97.807
448.9,97.859,97.818,97.873,97.884,97.781,97.769,97.809
449,97.859,97.824,97.878,97.884,97.786,97.768,97.812
449.1,97.865,97.829,97.885,97.888,97.787,97.768,97.818
449.2,97.871,97.833,97.887,97.893,97.794,97.769,97.824
449.3,97.874,97.839,97.89,97.894,97.801,97.769,97.83
449.4,97.878,97.844,97.899,97.897,97.806,97.771,97.833
449.5,97.884,97.852,97.905,97.902,97.81,97.774,97.836
449.6,97.891,97.855,97.911,97.905,97.816,97.777,97.842
449.7,97.899,97.861,97.916,97.91,97.821,97.778,97.85
449.8,97.905,97.865,97.923,97.913,97.829,97.783,97.858
449.9,97.908,97.87,97.931,97.92,97.835,97.787,97.864
450,97.914,97.878,97.935,97.923,97.839,97.792,97.871
450.1,97.922,97.882,97.943,97.932,97.844,97.797,97.874
450.2,97.928,97.888,97.948,97.937,97.852,97.801,97.879
450.3,97.932,97.893,97.949,97.942,97.855,97.806,97.884
450.4,97.942,97.9,97.954,97.946,97.859,97.812,97.887
450.5,97.948,97.903,97.958,97.952,97.862,97.816,97.894
450.6,97.954,97.91,97.964,97.957,97.868,97.823,97.899
450.7,97.958,97.914,97.968,97.963,97.873,97.829,97.902
450.8,97.961,97.917,97.972,97.968,97.878,97.833,97.903
450.9,97.966,97.92,97.978,97.972,97.882,97.838,97.905
451,97.971,97.92,97.981,97.977,97.884,97.842,97.906
451.1,97.974,97.923,97.984,97.98,97.887,97.849,97.91
451.2,97.978,97.925,97.989,97.987,97.891,97.853,97.911
451.3,97.983,97.926,97.989,97.995,97.893,97.859,97.911
451.4,97.987,97.928,97.99,98,97.894,97.864,97.914
451.5,97.986,97.929,97.992,98.003,97.897,97.865,97.914
451.6,97.989,97.929,97.995,98.009,97.899,97.868,97.916
451.7,97.993,97.932,97.997,98.012,97.902,97.874,97.917
451.8,97.998,97.932,97.998,98.016,97.903,97.876,97.916
451.9,98.003,97.934,98.001,98.019,97.9,97.881,97.92
452,98.007,97.934,98.003,98.022,97.903,97.885,97.923
452.1,98.007,97.935,98.004,98.027,97.903,97.888,97.925
452.2,98.01,97.939,98.006,98.029,97.905,97.893,97.928
452.3,98.01,97.942,98.006,98.03,97.908,97.899,97.926
452.4,98.012,97.943,98.007,98.03,97.91,97.902,97.928
452.5,98.016,97.943,98.01,98.035,97.91,97.908,97.929
452.6,98.021,97.943,98.01,98.042,97.91,97.913,97.931
452.7,98.024,97.943,98.012,98.044,97.911,97.916,97.932
452.8,98.026,97.946,98.01,98.045,97.913,97.917,97.932
452.9,98.027,97.946,98.012,98.047,97.916,97.922,97.932
453,98.029,97.946,98.012,98.05,97.916,97.926,97.934
453.1,98.032,97.948,98.012,98.048,97.919,97.929,97.932
453.2,98.032,97.946,98.013,98.05,97.919,97.929,97.932
453.3,98.032,97.946,98.015,98.048,97.919,97.932,97.934
453.4,98.035,97.946,98.015,98.048,97.917,97.932,97.934
453.5,98.036,97.948,98.018,98.051,97.917,97.935,97.937
453.6,98.033,97.946,98.018,98.051,97.922,97.939,97.937
453.7,98.036,97.946,98.016,98.053,97.923,97.942,97.939
453.8,98.038,97.946,98.015,98.055,97.926,97.942,97.942
453.9,98.039,97.949,98.018,98.058,97.928,97.943,97.946
454,98.044,97.951,98.018,98.059,97.928,97.946,97.949
454.1,98.045,97.951,98.021,98.061,97.931,97.948,97.954
454.2,98.048,97.954,98.024,98.061,97.935,97.948,97.958
454.3,98.051,97.957,98.022,98.065,97.935,97.949,97.96
454.4,98.053,97.961,98.026,98.064,97.935,97.951,97.964
454.5,98.055,97.961,98.027,98.064,97.939,97.952,97.968
454.6,98.058,97.966,98.032,98.065,97.939,97.958,97.969
454.7,98.062,97.971,98.033,98.065,97.942,97.96,97.972
454.8,98.065,97.974,98.035,98.065,97.945,97.961,97.975
454.9,98.065,97.975,98.036,98.067,97.951,97.963,97.977
455,98.064,97.981,98.038,98.068,97.954,97.969,97.981
455.1,98.064,97.984,98.042,98.07,97.958,97.971,97.981
455.2,98.065,97.989,98.045,98.07,97.961,97.972,97.981
455.3,98.068,97.989,98.045,98.07,97.964,97.975,97.987
455.4,98.068,97.992,98.047,98.071,97.968,97.974,97.989
455.5,98.071,97.995,98.048,98.071,97.972,97.975,97.993
455.6,98.071,97.998,98.048,98.07,97.972,97.977,97.995
455.7,98.07,98,98.047,98.067,97.974,97.98,97.997
455.8,98.07,98.003,98.047,98.064,97.975,97.978,97.995
455.9,98.071,98.006,98.048,98.065,97.978,97.983,97.998
456,98.07,98.009,98.048,98.067,97.978,97.986,98.001
456.1,98.071,98.01,98.05,98.07,97.981,97.989,98.003
456.2,98.071,98.013,98.053,98.071,97.983,97.99,98.006
456.3,98.071,98.016,98.053,98.07,97.984,97.99,98.01
456.4,98.076,98.018,98.058,98.07,97.986,97.993,98.013
456.5,98.079,98.022,98.058,98.073,97.992,98,98.013
456.6,98.082,98.026,98.062,98.076,97.997,98.004,98.019
456.7,98.087,98.029,98.065,98.077,98.003,98.007,98.021
456.8,98.093,98.032,98.068,98.079,98.006,98.013,98.022
456.9,98.096,98.036,98.073,98.082,98.01,98.018,98.027
457,98.102,98.038,98.079,98.085,98.012,98.021,98.032
457.1,98.108,98.041,98.083,98.087,98.022,98.026,98.035
457.2,98.111,98.044,98.087,98.09,98.029,98.03,98.038
457.3,98.119,98.048,98.09,98.096,98.033,98.038,98.041
457.4,98.122,98.053,98.093,98.099,98.038,98.047,98.044
457.5,98.126,98.056,98.1,98.103,98.045,98.053,98.05
457.6,98.129,98.058,98.103,98.109,98.051,98.062,98.051
457.7,98.134,98.062,98.109,98.116,98.056,98.071,98.056
457.8,98.137,98.062,98.116,98.123,98.062,98.077,98.058
457.9,98.143,98.065,98.122,98.132,98.067,98.085,98.059
458,98.148,98.07,98.125,98.138,98.073,98.096,98.062
458.1,98.155,98.07,98.129,98.141,98.076,98.102,98.067
458.2,98.163,98.07,98.131,98.148,98.077,98.108,98.067
458.3,98.169,98.07,98.129,98.154,98.082,98.114,98.07
458.4,98.172,98.068,98.129,98.16,98.087,98.123,98.071
458.5,98.178,98.07,98.134,98.167,98.09,98.131,98.07
458.6,98.183,98.068,98.135,98.177,98.093,98.14,98.07
458.7,98.186,98.067,98.134,98.184,98.096,98.148,98.068
458.8,98.192,98.064,98.137,98.19,98.099,98.158,98.067
458.9,98.196,98.065,98.14,98.198,98.103,98.164,98.065
459,98.198,98.059,98.141,98.206,98.106,98.17,98.065
459.1,98.198,98.056,98.141,98.212,98.105,98.175,98.064
459.2,98.199,98.05,98.141,98.216,98.106,98.181,98.061
459.3,98.199,98.045,98.137,98.218,98.105,98.186,98.056
459.4,98.198,98.041,98.134,98.221,98.102,98.192,98.048
459.5,98.198,98.036,98.132,98.227,98.1,98.199,98.042
459.6,98.196,98.03,98.129,98.232,98.097,98.207,98.036
459.7,98.192,98.024,98.122,98.232,98.091,98.209,98.032
459.8,98.189,98.016,98.117,98.232,98.085,98.21,98.021
459.9,98.184,98.006,98.111,98.232,98.079,98.215,98.013
460,98.177,97.997,98.103,98.233,98.071,98.213,98.004
460.1,98.169,97.984,98.097,98.232,98.064,98.215,97.993
460.2,98.158,97.974,98.088,98.232,98.056,98.218,97.98
460.3,98.146,97.96,98.077,98.228,98.044,98.215,97.969
460.4,98.137,97.946,98.07,98.228,98.035,98.213,97.955
460.5,98.125,97.932,98.058,98.225,98.019,98.213,97.939
460.6,98.114,97.916,98.048,98.222,98.006,98.21,97.923
460.7,98.102,97.9,98.036,98.215,97.99,98.207,97.906
460.8,98.088,97.884,98.022,98.207,97.975,98.198,97.887
460.9,98.074,97.868,98.01,98.199,97.961,98.192,97.868
461,98.061,97.852,97.992,98.192,97.948,98.183,97.853
461.1,98.042,97.832,97.977,98.181,97.932,98.177,97.835
461.2,98.026,97.812,97.96,98.174,97.916,98.164,97.818
461.3,98.007,97.794,97.943,98.163,97.897,98.155,97.795
461.4,97.987,97.774,97.929,98.151,97.882,98.145,97.775
461.5,97.969,97.752,97.913,98.138,97.861,98.135,97.755
461.6,97.948,97.734,97.896,98.125,97.841,98.122,97.734
461.7,97.926,97.713,97.876,98.108,97.821,98.108,97.714
461.8,97.905,97.69,97.855,98.091,97.8,98.094,97.693
461.9,97.881,97.668,97.838,98.077,97.777,98.074,97.672
462,97.858,97.647,97.816,98.065,97.755,98.058,97.649
462.1,97.839,97.623,97.795,98.048,97.734,98.039,97.627
462.2,97.816,97.603,97.775,98.03,97.71,98.022,97.606
462.3,97.795,97.581,97.754,98.012,97.69,98.004,97.583
462.4,97.772,97.559,97.734,97.992,97.668,97.984,97.562
462.5,97.748,97.536,97.716,97.974,97.646,97.963,97.539
462.6,97.725,97.511,97.697,97.955,97.626,97.942,97.517
462.7,97.702,97.488,97.676,97.935,97.601,97.92,97.496
462.8,97.678,97.467,97.655,97.916,97.578,97.896,97.473
462.9,97.653,97.444,97.635,97.899,97.559,97.871,97.45
463,97.627,97.423,97.614,97.881,97.534,97.852,97.432
463.1,97.601,97.401,97.592,97.861,97.51,97.827,97.408
463.2,97.575,97.383,97.571,97.839,97.488,97.803,97.388
463.3,97.552,97.363,97.548,97.82,97.466,97.777,97.366
463.4,97.53,97.345,97.523,97.8,97.443,97.749,97.346
463.5,97.504,97.327,97.507,97.778,97.42,97.728,97.327
463.6,97.481,97.308,97.487,97.757,97.397,97.704,97.307
463.7,97.456,97.29,97.467,97.736,97.379,97.678,97.289
463.8,97.435,97.273,97.447,97.714,97.359,97.65,97.269
463.9,97.415,97.256,97.424,97.691,97.34,97.624,97.252
464,97.392,97.24,97.406,97.67,97.319,97.601,97.237
464.1,97.369,97.224,97.388,97.646,97.299,97.578,97.221
464.2,97.348,97.208,97.369,97.623,97.281,97.552,97.205
464.3,97.33,97.195,97.353,97.601,97.263,97.527,97.189
464.4,97.31,97.18,97.336,97.58,97.244,97.504,97.174
464.5,97.289,97.166,97.322,97.562,97.227,97.479,97.162
464.6,97.27,97.156,97.304,97.542,97.209,97.455,97.148
464.7,97.252,97.147,97.293,97.52,97.197,97.43,97.134
464.8,97.237,97.136,97.279,97.502,97.182,97.408,97.124
464.9,97.218,97.125,97.266,97.485,97.169,97.386,97.11
465,97.205,97.116,97.255,97.466,97.159,97.365,97.098
465.1,97.191,97.107,97.244,97.446,97.147,97.345,97.09
465.2,97.176,97.099,97.234,97.427,97.133,97.327,97.081
465.3,97.159,97.093,97.224,97.408,97.124,97.305,97.073
465.4,97.147,97.087,97.215,97.391,97.113,97.289,97.067
465.5,97.137,97.081,97.208,97.375,97.102,97.269,97.061
465.6,97.127,97.076,97.2,97.36,97.092,97.25,97.054
465.7,97.118,97.072,97.192,97.346,97.084,97.234,97.05
465.8,97.11,97.069,97.186,97.333,97.078,97.218,97.047
465.9,97.101,97.064,97.179,97.318,97.07,97.202,97.043
466,97.095,97.06,97.174,97.305,97.064,97.186,97.038
466.1,97.086,97.058,97.166,97.295,97.057,97.174,97.034
466.2,97.081,97.057,97.166,97.281,97.054,97.157,97.031
466.3,97.075,97.054,97.163,97.272,97.05,97.145,97.026
466.4,97.07,97.05,97.16,97.258,97.047,97.134,97.023
466.5,97.066,97.049,97.157,97.25,97.044,97.127,97.021
466.6,97.061,97.044,97.157,97.238,97.038,97.118,97.018
466.7,97.058,97.041,97.153,97.229,97.034,97.107,97.017
466.8,97.054,97.035,97.148,97.22,97.031,97.095,97.015
466.9,97.05,97.032,97.147,97.209,97.028,97.086,97.012
467,97.046,97.029,97.142,97.202,97.025,97.078,97.012
467.1,97.041,97.025,97.141,97.194,97.021,97.069,97.006
467.2,97.037,97.021,97.139,97.189,97.017,97.061,97.005
467.3,97.034,97.017,97.137,97.185,97.015,97.05,97.003
467.4,97.029,97.015,97.136,97.179,97.009,97.043,97.002
467.5,97.023,97.009,97.131,97.174,97.008,97.037,96.999
467.6,97.018,97.005,97.13,97.169,97.006,97.032,96.994
467.7,97.018,97.002,97.127,97.165,97.002,97.025,96.989
467.8,97.015,96.996,97.124,97.16,97,97.018,96.985
467.9,97.014,96.989,97.116,97.156,96.997,97.012,96.982
468,97.011,96.985,97.113,97.153,96.989,97.006,96.979
468.1,97.009,96.98,97.113,97.147,96.985,97.002,96.976
468.2,97.005,96.976,97.108,97.145,96.979,96.992,96.976
468.3,97,96.971,97.105,97.142,96.974,96.988,96.97
468.4,96.996,96.968,97.101,97.137,96.97,96.98,96.967
468.5,96.992,96.964,97.099,97.134,96.96,96.974,96.964
468.6,96.986,96.957,97.093,97.13,96.953,96.97,96.956
468.7,96.98,96.951,97.087,97.125,96.948,96.965,96.95
468.8,96.977,96.947,97.081,97.121,96.942,96.96,96.945
468.9,96.971,96.941,97.073,97.118,96.933,96.954,96.936
469,96.968,96.935,97.067,97.115,96.927,96.95,96.93
469.1,96.962,96.927,97.064,97.112,96.919,96.944,96.924
469.2,96.954,96.924,97.057,97.105,96.913,96.938,96.918
469.3,96.948,96.918,97.052,97.098,96.907,96.933,96.912
469.4,96.944,96.907,97.044,97.095,96.901,96.927,96.907
469.5,96.941,96.901,97.035,97.092,96.893,96.918,96.901
469.6,96.935,96.889,97.029,97.089,96.881,96.912,96.895
469.7,96.928,96.88,97.02,97.081,96.875,96.902,96.886
469.8,96.922,96.873,97.012,97.075,96.869,96.895,96.878
469.9,96.916,96.866,97.005,97.07,96.86,96.884,96.867
470,96.909,96.858,96.997,97.066,96.852,96.878,96.858
470.1,96.904,96.851,96.988,97.063,96.844,96.87,96.852
470.2,96.898,96.843,96.982,97.058,96.835,96.863,96.846
470.3,96.893,96.834,96.974,97.054,96.825,96.855,96.837
470.4,96.89,96.825,96.967,97.046,96.817,96.846,96.828
470.5,96.887,96.815,96.957,97.04,96.809,96.84,96.819
470.6,96.883,96.806,96.95,97.032,96.802,96.835,96.806
470.7,96.88,96.796,96.941,97.023,96.791,96.826,96.797
470.8,96.873,96.785,96.928,97.017,96.779,96.817,96.791
470.9,96.867,96.776,96.918,97.009,96.771,96.808,96.78
471,96.86,96.762,96.909,97.003,96.759,96.797,96.77
471.1,96.855,96.75,96.898,96.999,96.745,96.79,96.758
471.2,96.846,96.735,96.884,96.989,96.736,96.78,96.744
471.3,96.838,96.722,96.87,96.982,96.725,96.77,96.73
471.4,96.832,96.707,96.858,96.971,96.713,96.762,96.716
471.5,96.825,96.692,96.846,96.962,96.701,96.75,96.701
471.6,96.815,96.675,96.828,96.951,96.689,96.739,96.687
471.7,96.808,96.658,96.811,96.944,96.678,96.732,96.669
471.8,96.797,96.64,96.797,96.935,96.663,96.719,96.652
471.9,96.786,96.623,96.782,96.922,96.649,96.709,96.634
472,96.774,96.603,96.765,96.91,96.635,96.698,96.616
472.1,96.761,96.582,96.747,96.898,96.622,96.686,96.599
472.2,96.747,96.561,96.729,96.884,96.606,96.672,96.581
472.3,96.735,96.541,96.707,96.873,96.593,96.66,96.559
472.4,96.724,96.518,96.689,96.861,96.574,96.649,96.542
472.5,96.712,96.494,96.669,96.851,96.558,96.638,96.523
472.6,96.698,96.472,96.649,96.835,96.539,96.628,96.498
472.7,96.684,96.449,96.631,96.823,96.518,96.617,96.477
472.8,96.672,96.429,96.608,96.806,96.5,96.605,96.454
472.9,96.657,96.405,96.585,96.791,96.483,96.594,96.428
473,96.645,96.378,96.559,96.776,96.463,96.584,96.404
473.1,96.629,96.35,96.535,96.759,96.443,96.576,96.381
473.2,96.613,96.324,96.513,96.741,96.419,96.562,96.356
473.3,96.596,96.294,96.49,96.724,96.396,96.553,96.326
473.4,96.579,96.265,96.465,96.706,96.375,96.539,96.295
473.5,96.561,96.237,96.439,96.69,96.353,96.527,96.269
473.6,96.538,96.205,96.41,96.671,96.33,96.516,96.239
473.7,96.518,96.175,96.381,96.651,96.304,96.504,96.208
473.8,96.498,96.14,96.352,96.634,96.28,96.492,96.178
473.9,96.477,96.106,96.323,96.617,96.254,96.48,96.144
474,96.455,96.069,96.291,96.6,96.228,96.468,96.111
474.1,96.434,96.031,96.26,96.579,96.198,96.455,96.074
474.2,96.413,95.996,96.228,96.556,96.169,96.445,96.037
474.3,96.387,95.959,96.193,96.533,96.138,96.432,96.002
474.4,96.362,95.923,96.159,96.512,96.109,96.42,95.964
474.5,96.336,95.883,96.126,96.49,96.074,96.407,95.924
474.6,96.309,95.842,96.088,96.469,96.04,96.393,95.885
474.7,96.28,95.799,96.051,96.448,96.005,96.379,95.844
474.8,96.251,95.758,96.013,96.425,95.97,96.367,95.799
474.9,96.222,95.712,95.975,96.397,95.934,96.35,95.757
475,96.191,95.668,95.935,96.373,95.9,96.333,95.715
475.1,96.159,95.622,95.892,96.349,95.862,96.317,95.67
475.2,96.126,95.578,95.851,96.323,95.822,96.301,95.622
475.3,96.094,95.532,95.81,96.294,95.784,96.283,95.575
475.4,96.059,95.485,95.767,96.266,95.741,96.263,95.529
475.5,96.021,95.436,95.723,96.237,95.697,96.243,95.48
475.6,95.982,95.383,95.677,96.207,95.654,96.222,95.427
475.7,95.943,95.334,95.631,96.175,95.61,96.201,95.378
475.8,95.901,95.285,95.583,96.141,95.564,96.178,95.328
475.9,95.859,95.232,95.534,96.107,95.52,96.152,95.276
476,95.815,95.177,95.486,96.075,95.474,96.123,95.227
476.1,95.767,95.123,95.438,96.042,95.424,96.095,95.177
476.2,95.723,95.073,95.39,96.007,95.375,96.066,95.122
476.3,95.676,95.024,95.338,95.969,95.325,96.034,95.068
476.4,95.63,94.969,95.288,95.934,95.276,96.002,95.015
476.5,95.581,94.919,95.238,95.894,95.226,95.967,94.965
476.6,95.529,94.864,95.186,95.854,95.174,95.935,94.914
476.7,95.482,94.81,95.132,95.81,95.119,95.9,94.862
476.8,95.435,94.757,95.084,95.769,95.067,95.862,94.812
476.9,95.381,94.704,95.032,95.728,95.015,95.821,94.759
477,95.329,94.655,94.98,95.683,94.958,95.779,94.705
477.1,95.277,94.603,94.928,95.639,94.907,95.737,94.655
477.2,95.224,94.551,94.879,95.589,94.85,95.691,94.603
477.3,95.168,94.504,94.827,95.543,94.797,95.645,94.554
477.4,95.114,94.452,94.777,95.496,94.745,95.598,94.504
477.5,95.059,94.403,94.728,95.448,94.691,95.547,94.453
477.6,95.006,94.353,94.678,95.401,94.637,95.497,94.408
477.7,94.952,94.307,94.627,95.349,94.586,95.447,94.36
477.8,94.899,94.26,94.58,95.299,94.534,95.395,94.312
477.9,94.847,94.212,94.53,95.248,94.484,95.341,94.266
478,94.791,94.167,94.482,95.197,94.435,95.287,94.223
478.1,94.737,94.124,94.435,95.146,94.382,95.232,94.177
478.2,94.684,94.081,94.388,95.094,94.331,95.177,94.133
478.3,94.63,94.04,94.342,95.039,94.283,95.12,94.093
478.4,94.58,93.997,94.299,94.987,94.234,95.059,94.054
478.5,94.528,93.954,94.255,94.936,94.185,95.003,94.016
478.6,94.476,93.915,94.212,94.882,94.139,94.945,93.976
478.7,94.427,93.877,94.17,94.829,94.093,94.885,93.939
478.8,94.38,93.84,94.127,94.775,94.049,94.827,93.903
478.9,94.331,93.8,94.087,94.722,94.005,94.766,93.867
479,94.287,93.761,94.048,94.672,93.961,94.705,93.831
479.1,94.241,93.727,94.009,94.618,93.918,94.647,93.794
479.2,94.196,93.69,93.971,94.566,93.877,94.589,93.756
479.3,94.153,93.654,93.936,94.516,93.837,94.531,93.723
479.4,94.11,93.617,93.9,94.467,93.797,94.472,93.69
479.5,94.069,93.576,93.864,94.42,93.759,94.415,93.657
479.6,94.028,93.539,93.828,94.373,93.721,94.356,93.623
479.7,93.988,93.501,93.79,94.324,93.683,94.299,93.59
479.8,93.948,93.463,93.755,94.276,93.645,94.243,93.553
479.9,93.909,93.42,93.718,94.235,93.608,94.188,93.518
480,93.869,93.376,93.68,94.189,93.57,94.135,93.481
480.1,93.834,93.33,93.645,94.147,93.532,94.081,93.446
480.2,93.797,93.282,93.608,94.101,93.497,94.029,93.41
480.3,93.759,93.233,93.57,94.057,93.459,93.977,93.372
480.4,93.723,93.181,93.532,94.017,93.423,93.929,93.33
480.5,93.684,93.124,93.494,93.976,93.382,93.878,93.288
480.6,93.648,93.069,93.452,93.936,93.341,93.829,93.242
480.7,93.607,93.011,93.411,93.895,93.301,93.782,93.195
480.8,93.57,92.947,93.367,93.855,93.259,93.735,93.144
480.9,93.53,92.877,93.321,93.817,93.214,93.692,93.092
481,93.489,92.802,93.272,93.777,93.169,93.645,93.034
481.1,93.448,92.726,93.222,93.739,93.121,93.604,92.972
481.2,93.407,92.641,93.167,93.7,93.071,93.561,92.909
481.3,93.359,92.551,93.111,93.663,93.018,93.518,92.841
481.4,93.314,92.453,93.05,93.626,92.961,93.472,92.766
481.5,93.262,92.345,92.987,93.591,92.899,93.43,92.677
481.6,93.207,92.229,92.914,93.553,92.833,93.388,92.587
481.7,93.15,92.102,92.836,93.513,92.764,93.344,92.487
481.8,93.089,91.963,92.757,93.475,92.69,93.301,92.377
481.9,93.025,91.811,92.67,93.436,92.609,93.259,92.258
482,92.953,91.649,92.578,93.394,92.523,93.21,92.128
482.1,92.88,91.47,92.473,93.353,92.429,93.166,91.983
482.2,92.796,91.275,92.358,93.306,92.331,93.118,91.826
482.3,92.709,91.064,92.238,93.26,92.22,93.069,91.653
482.4,92.613,90.836,92.104,93.21,92.099,93.019,91.466
482.5,92.506,90.587,91.954,93.158,91.965,92.967,91.258
482.6,92.389,90.318,91.792,93.102,91.817,92.912,91.034
482.7,92.262,90.03,91.615,93.04,91.656,92.851,90.788
482.8,92.122,89.722,91.425,92.973,91.484,92.79,90.523
482.9,91.965,89.388,91.216,92.903,91.295,92.726,90.236
483,91.797,89.03,90.99,92.831,91.086,92.653,89.929
483.1,91.611,88.649,90.746,92.744,90.86,92.575,89.598
483.2,91.409,88.245,90.48,92.657,90.616,92.491,89.241
483.3,91.188,87.816,90.195,92.56,90.35,92.401,88.858
483.4,90.945,87.355,89.885,92.453,90.06,92.3,88.449
483.5,90.683,86.868,89.554,92.339,89.751,92.192,88.011
483.6,90.401,86.351,89.197,92.21,89.417,92.072,87.546
483.7,90.097,85.805,88.817,92.07,89.061,91.939,87.051
483.8,89.764,85.228,88.409,91.916,88.676,91.795,86.53
483.9,89.412,84.618,87.975,91.747,88.266,91.637,85.977
484,89.032,83.98,87.512,91.56,87.831,91.464,85.391
484.1,88.623,83.307,87.022,91.359,87.367,91.275,84.775
484.2,88.19,82.603,86.504,91.136,86.873,91.071,84.125
484.3,87.727,81.866,85.953,90.897,86.346,90.846,83.441
484.4,87.238,81.099,85.374,90.639,85.791,90.604,82.721
484.5,86.717,80.295,84.763,90.353,85.205,90.341,81.969
484.6,86.163,79.459,84.117,90.048,84.587,90.057,81.183
484.7,85.579,78.587,83.44,89.719,83.937,89.752,80.365
484.8,84.964,77.682,82.733,89.366,83.257,89.423,79.512
484.9,84.314,76.747,81.992,88.991,82.536,89.067,78.624
485,83.632,75.781,81.213,88.586,81.784,88.686,77.702
485.1,82.916,74.782,80.403,88.153,80.998,88.28,76.747
485.2,82.169,73.752,79.558,87.694,80.18,87.848,75.758
485.3,81.383,72.691,78.682,87.206,79.329,87.386,74.738
485.4,80.565,71.599,77.773,86.688,78.441,86.897,73.682
485.5,79.71,70.473,76.83,86.14,77.522,86.375,72.597
485.6,78.822,69.322,75.854,85.562,76.567,85.825,71.481
485.7,77.901,68.144,74.846,84.95,75.581,85.24,70.334
485.8,76.945,66.936,73.807,84.305,74.564,84.627,69.156
485.9,75.957,65.701,72.739,83.626,73.515,83.98,67.952
486,74.934,64.438,71.64,82.918,72.433,83.301,66.716
486.1,73.885,63.152,70.511,82.176,71.321,82.59,65.453
486.2,72.8,61.842,69.351,81.4,70.18,81.844,64.16
486.3,71.683,60.513,68.161,80.592,69.006,81.064,62.843
486.4,70.534,59.163,66.943,79.747,67.807,80.251,61.508
486.5,69.353,57.794,65.698,78.87,66.579,79.402,60.15
486.6,68.147,56.412,64.43,77.959,65.323,78.52,58.769
486.7,66.911,55.014,63.135,77.013,64.041,77.608,57.373
486.8,65.648,53.606,61.818,76.038,62.735,76.663,55.962
486.9,64.359,52.187,60.478,75.029,61.406,75.684,54.536
487,63.048,50.76,59.119,73.99,60.057,74.67,53.098
487.1,61.71,49.327,57.744,72.922,58.69,73.628,51.651
487.2,60.353,47.891,56.355,71.822,57.304,72.556,50.198
487.3,58.974,46.451,54.95,70.689,55.901,71.448,48.735
487.4,57.579,45.012,53.534,69.531,54.486,70.313,47.273
487.5,56.168,43.575,52.109,68.341,53.064,69.15,45.808
487.6,54.744,42.14,50.674,67.125,51.627,67.953,44.35
487.7,53.308,40.714,49.234,65.883,50.186,66.733,42.888
487.8,51.862,39.291,47.792,64.613,48.74,65.485,41.434
487.9,50.41,37.883,46.347,63.318,47.289,64.212,39.986
488,48.952,36.484,44.899,62.003,45.836,62.914,38.545
488.1,47.49,35.098,43.457,60.66,44.388,61.595,37.115
488.2,46.025,33.727,42.017,59.3,42.94,60.252,35.696
488.3,44.562,32.372,40.582,57.927,41.495,58.89,34.293
488.4,43.1,31.035,39.156,56.532,40.056,57.509,32.906
488.5,41.643,29.718,37.74,55.125,38.628,56.113,31.538
488.6,40.192,28.424,36.334,53.705,37.209,54.704,30.191
488.7,38.751,27.156,34.944,52.275,35.803,53.285,28.865
488.8,37.321,25.912,33.569,50.838,34.412,51.857,27.562
488.9,35.902,24.695,32.213,49.399,33.037,50.421,26.288
489,34.502,23.508,30.876,47.955,31.68,48.978,25.038
489.1,33.118,22.348,29.558,46.51,30.342,47.534,23.819
489.2,31.749,21.222,28.262,45.065,29.027,46.088,22.63
489.3,30.402,20.128,26.991,43.622,27.734,44.64,21.475
489.4,29.076,19.066,25.746,42.183,26.468,43.199,20.351
489.5,27.776,18.036,24.53,40.75,25.229,41.763,19.26
489.6,26.501,17.041,23.343,39.33,24.017,40.335,18.199
489.7,25.255,16.077,22.186,37.915,22.835,38.913,17.174
489.8,24.036,15.146,21.06,36.513,21.684,37.505,16.187
489.9,22.845,14.25,19.968,35.126,20.566,36.105,15.231
490,21.687,13.39,18.906,33.751,19.479,34.72,14.311
490.1,20.561,12.561,17.879,32.394,18.427,33.353,13.426
490.2,19.467,11.765,16.884,31.059,17.407,32.005,12.575
490.3,18.408,11.002,15.923,29.741,16.42,30.673,11.758
490.4,17.381,10.271,14.993,28.448,15.465,29.361,10.974
490.5,16.389,9.578,14.099,27.179,14.548,28.076,10.228
490.6,15.431,8.916,13.239,25.935,13.663,26.813,9.515
490.7,14.507,8.286,12.413,24.718,12.81,25.574,8.836
490.8,13.617,7.689,11.62,23.529,11.996,24.367,8.191
490.9,12.761,7.121,10.861,22.371,11.214,23.187,7.579
491,11.943,6.589,10.136,21.245,10.466,22.037,6.999
491.1,11.157,6.085,9.445,20.148,9.75,20.915,6.451
491.2,10.405,5.612,8.788,19.084,9.07,19.827,5.937
491.3,9.689,5.168,8.162,18.056,8.423,18.771,5.453
491.4,9.007,4.752,7.571,17.059,7.809,17.749,5.002
491.5,8.357,4.361,7.011,16.095,7.228,16.762,4.578
491.6,7.741,3.996,6.482,15.167,6.679,15.807,4.181
491.7,7.158,3.658,5.983,14.272,6.161,14.885,3.812
491.8,6.609,3.343,5.515,13.409,5.673,13.997,3.468
491.9,6.09,3.052,5.074,12.581,5.214,13.141,3.149
492,5.6,2.78,4.66,11.787,4.784,12.32,2.855
492.1,5.141,2.53,4.274,11.023,4.381,11.533,2.582
492.2,4.709,2.301,3.912,10.294,4.005,10.779,2.332
492.3,4.305,2.09,3.575,9.598,3.656,10.059,2.101
492.4,3.929,1.897,3.262,8.934,3.329,9.369,1.889
492.5,3.578,1.72,2.972,8.302,3.026,8.713,1.697
492.6,3.252,1.559,2.704,7.703,2.747,8.089,1.521
492.7,2.95,1.414,2.457,7.133,2.487,7.494,1.364
492.8,2.669,1.282,2.229,6.593,2.251,6.932,1.221
492.9,2.411,1.164,2.022,6.087,2.032,6.401,1.094
493,2.174,1.057,1.83,5.611,1.833,5.899,0.98
493.1,1.958,0.963,1.656,5.161,1.649,5.428,0.879
493.2,1.759,0.877,1.497,4.738,1.485,4.985,0.789
493.3,1.578,0.801,1.353,4.344,1.334,4.57,0.71
493.4,1.414,0.734,1.224,3.973,1.199,4.181,0.641
493.5,1.266,0.674,1.108,3.629,1.079,3.818,0.58
493.6,1.132,0.623,1.003,3.308,0.97,3.479,0.526
493.7,1.013,0.574,0.911,3.012,0.874,3.166,0.481
493.8,0.908,0.533,0.827,2.737,0.789,2.875,0.439
493.9,0.813,0.493,0.754,2.483,0.713,2.605,0.404
494,0.729,0.458,0.688,2.249,0.647,2.356,0.374
494.1,0.656,0.426,0.63,2.034,0.587,2.127,0.346
494.2,0.591,0.397,0.58,1.837,0.537,1.918,0.32
494.3,0.534,0.369,0.534,1.659,0.491,1.727,0.299
494.4,0.485,0.343,0.493,1.497,0.452,1.553,0.278
494.5,0.444,0.32,0.456,1.35,0.417,1.396,0.259
494.6,0.406,0.298,0.424,1.218,0.386,1.254,0.243
494.7,0.374,0.278,0.394,1.099,0.359,1.126,0.226
494.8,0.345,0.258,0.366,0.992,0.333,1.012,0.211
494.9,0.32,0.241,0.34,0.897,0.31,0.909,0.197
495,0.298,0.224,0.317,0.812,0.288,0.818,0.185
495.1,0.276,0.209,0.296,0.737,0.269,0.739,0.172
495.2,0.258,0.194,0.276,0.671,0.25,0.667,0.16
495.3,0.241,0.18,0.256,0.612,0.233,0.603,0.15
495.4,0.226,0.168,0.24,0.56,0.218,0.548,0.14
495.5,0.211,0.156,0.223,0.514,0.203,0.499,0.131
495.6,0.197,0.145,0.208,0.473,0.189,0.458,0.122
495.7,0.185,0.134,0.192,0.438,0.177,0.42,0.113
495.8,0.172,0.124,0.179,0.404,0.165,0.388,0.105
495.9,0.16,0.114,0.166,0.375,0.153,0.357,0.099
496,0.15,0.107,0.154,0.349,0.142,0.331,0.092
496.1,0.14,0.099,0.143,0.325,0.133,0.308,0.085
496.2,0.131,0.092,0.133,0.302,0.124,0.287,0.079
496.3,0.122,0.084,0.124,0.281,0.114,0.267,0.073
496.4,0.114,0.078,0.114,0.262,0.107,0.249,0.067
496.5,0.107,0.072,0.107,0.244,0.099,0.232,0.063
496.6,0.099,0.067,0.098,0.227,0.092,0.217,0.058
496.7,0.093,0.061,0.092,0.212,0.085,0.203,0.053
496.8,0.087,0.056,0.084,0.198,0.079,0.189,0.049
496.9,0.081,0.052,0.078,0.185,0.073,0.177,0.046
497,0.075,0.047,0.072,0.172,0.069,0.165,0.043
497.1,0.07,0.044,0.066,0.16,0.063,0.154,0.038
497.2,0.064,0.04,0.061,0.15,0.058,0.143,0.035
497.3,0.06,0.037,0.056,0.139,0.053,0.134,0.032
497.4,0.056,0.034,0.052,0.128,0.05,0.125,0.031
497.5,0.052,0.031,0.047,0.119,0.046,0.116,0.027
497.6,0.047,0.027,0.044,0.111,0.043,0.108,0.024
497.7,0.044,0.026,0.04,0.104,0.038,0.101,0.023
497.8,0.041,0.023,0.037,0.096,0.035,0.095,0.02
497.9,0.038,0.021,0.034,0.089,0.032,0.087,0.018
498,0.035,0.018,0.031,0.082,0.031,0.081,0.017
498.1,0.032,0.017,0.027,0.076,0.027,0.076,0.015
498.2,0.029,0.015,0.026,0.072,0.024,0.07,0.014
498.3,0.027,0.014,0.023,0.066,0.023,0.066,0.012
498.4,0.024,0.012,0.021,0.061,0.02,0.061,0.011
498.5,0.023,0.011,0.018,0.056,0.018,0.056,0.009
498.6,0.02,0.009,0.017,0.052,0.017,0.052,0.009
498.7,0.018,0.009,0.015,0.047,0.015,0.047,0.008
498.8,0.017,0.008,0.014,0.044,0.014,0.044,0.006
498.9,0.015,0.006,0.012,0.041,0.012,0.041,0.005
499,0.014,0.006,0.011,0.038,0.011,0.038,0.005
499.1,0.012,0.005,0.009,0.034,0.009,0.035,0.003
499.2,0.011,0.005,0.009,0.032,0.008,0.032,0.003
499.3,0.011,0.003,0.008,0.029,0.008,0.029,0.002
499.4,0.009,0.003,0.006,0.026,0.006,0.026,0.002
499.5,0.008,0.003,0.006,0.024,0.005,0.024,0.002
499.6,0.008,0.002,0.005,0.021,0.005,0.023,0
499.7,0.006,0.002,0.005,0.02,0.003,0.02,0
499.8,0.006,0.002,0.003,0.018,0.003,0.018,0
499.9,0.005,0.002,0.003,0.017,0.002,0.017,0
500,0.005,0,0.002,0.015,0.002,0.015,-0.002
500.1,0.003,0,0.002,0.014,0.002,0.014,-0.002
500.2,0.003,0,0.002,0.012,0,0.012,-0.002
500.3,0.002,0,0.002,0.011,0,0.011,-0.002
500.4,0.002,0,0,0.009,0,0.009,-0.002
500.5,0.002,0,0,0.008,0,0.009,-0.002
500.6,0.002,0,0,0.008,-0.002,0.008,-0.002
500.7,0.002,0,0,0.006,-0.002,0.008,-0.003
500.8,0,-0.002,0,0.006,-0.002,0.006,-0.003
500.9,0,-0.002,-0.002,0.005,-0.002,0.005,-0.003
501,0,-0.002,-0.002,0.005,-0.002,0.005,-0.003
501.1,0,-0.002,-0.002,0.003,-0.002,0.003,-0.003
501.2,0,-0.002,-0.002,0.003,-0.002,0.003,-0.003
501.3,0,-0.002,-0.002,0.003,-0.002,0.003,-0.003
501.4,0,-0.002,-0.002,0.002,-0.002,0.002,-0.003
501.5,0,-0.002,-0.002,0.002,-0.002,0.002,-0.003
501.6,0,-0.002,-0.002,0.002,-0.002,0.002,-0.003
501.7,0,-0.002,-0.002,0,-0.002,0,-0.003
501.8,0,-0.002,-0.002,0,-0.002,0,-0.003
501.9,0,-0.002,-0.002,0,-0.002,0,-0.002
502,0,-0.002,-0.002,0,-0.002,0,-0.002
502.1,0,-0.002,-0.002,-0.002,-0.002,-0.002,-0.002
502.2,0,-0.002,-0.002,-0.002,-0.002,-0.002,-0.002
502.3,0,-0.002,-0.002,-0.002,-0.002,-0.002,-0.002
502.4,0,-0.002,-0.002,-0.002,-0.002,-0.002,-0.002
502.5,0,-0.002,-0.002,-0.002,-0.002,-0.002,-0.002
502.6,0,0,-0.002,-0.002,-0.002,-0.002,-0.002
502.7,0,0,-0.002,-0.002,-0.002,-0.003,-0.002
502.8,0,0,-0.002,-0.002,-0.002,-0.003,-0.002
502.9,0,0,-0.002,-0.003,-0.002,-0.003,-0.002
503,0,0,-0.002,-0.003,-0.002,-0.003,-0.002
