538,0,-0.002,-0.002,0,0,0,-0.003
538.1,0,-0.002,-0.002,0,0,0,-0.003
538.2,0,-0.002,-0.002,0,0,0,-0.003
538.3,0,-0.002,-0.002,0,0,0,-0.002
538.4,0,-0.002,-0.002,0,0,0,-0.002
538.5,0,-0.002,-0.002,0,0,0,-0.002
538.6,0,-0.002,-0.002,0,0,0,-0.002
538.7,0,-0.002,-0.002,0,0,0,-0.002
538.8,0,-0.002,-0.002,0,0,0,-0.002
538.9,0,-0.002,-0.002,0,0,0,-0.002
539,0,-0.002,-0.002,0,0,0,-0.002
539.1,0,-0.002,-0.002,0,0,0,-0.002
539.2,0,-0.002,-0.002,0,0,0,-0.002
539.3,0,-0.002,-0.002,0,0,0,-0.002
539.4,0,-0.002,-0.002,0,0,0,-0.002
539.5,0,-0.002,-0.002,0,0,0,-0.002
539.6,0,-0.002,-0.002,0,0,0,-0.002
539.7,0,-0.002,-0.002,0,0,0,-0.002
539.8,0,-0.002,0,0,0,0,-0.002
539.9,0,-0.002,0,0,0,0,-0.002
540,0,0,0,0,0,0,-0.002
540.1,0,0,0,0,0,0,0
540.2,0,0,0,0,0,0,0
540.3,0,0,0,0,0,0,0
540.4,0,0,0,0,0,0,0
540.5,0,0,0,0,0,0,0
540.6,0,0,0,0,0,0,0
540.7,0,0,0,0,0,0,0
540.8,0,0,0,0,0,0,0
540.9,0,0,0,0,0,0,0
541,0,0,0,0,0,0,0
541.1,0,0,0,0,0,0,0
541.2,0,0,0,0,0,0,0
541.3,0,0,0,0,0,0,0
541.4,0,0,0,0,0,0,0
541.5,0,0,0,0,0,0,0
541.6,0,0,0,0,0,0,0
541.7,0,0,0,0,0,0,0
541.8,0,0,0,0,0,0,0
541.9,0,0,0,0,0,0,0
542,0,0,0,0,0,0,0
542.1,0,0,0,0,0,0,0
542.2,0,0,0,0,0,0,0
542.3,0,0,0,0,0,0,0
542.4,0,0,0,0,0,0,0
542.5,0,0,0,0,0,0,0
542.6,0,0,0,0,0,0,0
542.7,0,0,0,0,0,0,0
542.8,0,0,0,0,0,0,0
542.9,0,0,0,0,0,0,0
543,0,0,0,0,0,0,0
543.1,0,0,0,0,0,0,0
543.2,0,0,0,0,0,0,0
543.3,0,0,0,0,0,0,0
543.4,0,0,0,0,0,0,0
543.5,0.002,0,0,0,0,0,0
543.6,0.002,0.002,0,0.002,0,0,0
543.7,0.002,0.002,0,0.002,0,0.002,0
543.8,0.002,0.002,0,0.002,0,0.002,0
543.9,0.002,0.002,0,0.002,0,0.002,0
544,0.002,0.002,0.002,0.002,0,0.002,0
544.1,0.002,0.002,0.002,0.002,0,0.002,0.002
544.2,0.002,0.003,0.002,0.002,0,0.002,0.002
544.3,0.002,0.003,0.002,0.002,0,0.002,0.002
544.4,0.002,0.003,0.002,0.002,0.002,0.002,0.002
544.5,0.003,0.003,0.002,0.002,0.002,0.002,0.002
544.6,0.003,0.005,0.003,0.002,0.002,0.002,0.002
544.7,0.003,0.005,0.003,0.002,0.002,0.002,0.003
544.8,0.003,0.005,0.003,0.002,0.002,0.002,0.003
544.9,0.003,0.005,0.003,0.003,0.003,0.002,0.003
545,0.003,0.006,0.005,0.003,0.003,0.003,0.003
545.1,0.005,0.006,0.005,0.003,0.003,0.003,0.003
545.2,0.005,0.006,0.005,0.003,0.003,0.003,0.005
545.3,0.005,0.008,0.005,0.003,0.003,0.003,0.005
545.4,0.005,0.008,0.006,0.003,0.005,0.003,0.005
545.5,0.005,0.009,0.006,0.005,0.005,0.003,0.005
545.6,0.006,0.009,0.006,0.005,0.005,0.005,0.006
545.7,0.006,0.009,0.008,0.005,0.006,0.005,0.006
545.8,0.006,0.011,0.008,0.005,0.006,0.005,0.006
545.9,0.006,0.011,0.009,0.005,0.006,0.005,0.008
546,0.008,0.012,0.009,0.006,0.008,0.005,0.008
546.1,0.008,0.014,0.011,0.006,0.008,0.006,0.009
546.2,0.008,0.014,0.011,0.006,0.009,0.006,0.009
546.3,0.009,0.015,0.012,0.008,0.009,0.006,0.011
546.4,0.009,0.015,0.012,0.008,0.009,0.008,0.011
546.5,0.011,0.017,0.014,0.008,0.011,0.008,0.012
546.6,0.011,0.018,0.014,0.009,0.011,0.008,0.014
546.7,0.012,0.02,0.015,0.009,0.012,0.009,0.014
546.8,0.012,0.021,0.017,0.011,0.014,0.009,0.015
546.9,0.014,0.021,0.018,0.011,0.014,0.011,0.017
547,0.014,0.023,0.018,0.012,0.015,0.011,0.017
547.1,0.015,0.024,0.02,0.012,0.017,0.012,0.018
547.2,0.017,0.026,0.021,0.014,0.017,0.012,0.02
547.3,0.017,0.027,0.023,0.014,0.018,0.014,0.021
547.4,0.018,0.029,0.024,0.015,0.02,0.014,0.023
547.5,0.02,0.032,0.026,0.017,0.021,0.015,0.024
547.6,0.021,0.034,0.027,0.017,0.023,0.015,0.026
547.7,0.021,0.035,0.029,0.018,0.024,0.017,0.027
547.8,0.023,0.038,0.031,0.02,0.026,0.018,0.029
547.9,0.024,0.04,0.032,0.021,0.027,0.018,0.031
548,0.026,0.043,0.034,0.021,0.029,0.02,0.032
548.1,0.027,0.044,0.037,0.023,0.031,0.021,0.034
548.2,0.029,0.047,0.038,0.024,0.032,0.023,0.035
548.3,0.031,0.05,0.041,0.026,0.034,0.024,0.038
548.4,0.034,0.053,0.043,0.027,0.035,0.024,0.04
548.5,0.035,0.055,0.046,0.029,0.038,0.026,0.043
548.6,0.037,0.058,0.047,0.031,0.04,0.027,0.044
548.7,0.04,0.063,0.05,0.032,0.043,0.029,0.047
548.8,0.041,0.066,0.053,0.035,0.044,0.032,0.05
548.9,0.044,0.069,0.056,0.037,0.047,0.034,0.053
549,0.046,0.073,0.06,0.038,0.05,0.035,0.056
549.1,0.049,0.076,0.063,0.041,0.052,0.037,0.06
549.2,0.052,0.081,0.066,0.043,0.055,0.04,0.063
549.3,0.053,0.085,0.069,0.046,0.058,0.041,0.066
549.4,0.056,0.09,0.073,0.049,0.061,0.044,0.069
549.5,0.06,0.095,0.076,0.05,0.064,0.046,0.072
549.6,0.063,0.099,0.081,0.053,0.069,0.049,0.076
549.7,0.067,0.105,0.084,0.056,0.072,0.05,0.081
549.8,0.07,0.11,0.089,0.06,0.075,0.053,0.084
549.9,0.073,0.116,0.093,0.063,0.079,0.056,0.089
550,0.078,0.122,0.098,0.066,0.084,0.06,0.093
550.1,0.081,0.128,0.102,0.07,0.089,0.063,0.099
550.2,0.085,0.134,0.108,0.073,0.093,0.066,0.104
550.3,0.09,0.142,0.113,0.076,0.098,0.069,0.108
550.4,0.095,0.148,0.119,0.081,0.102,0.073,0.114
550.5,0.099,0.156,0.125,0.085,0.107,0.076,0.121
550.6,0.105,0.163,0.131,0.089,0.113,0.081,0.127
550.7,0.11,0.172,0.137,0.093,0.119,0.085,0.133
550.8,0.116,0.18,0.145,0.099,0.124,0.09,0.14
550.9,0.122,0.189,0.151,0.104,0.131,0.095,0.146
551,0.128,0.2,0.159,0.108,0.137,0.099,0.154
551.1,0.134,0.209,0.166,0.114,0.143,0.104,0.162
551.2,0.14,0.22,0.175,0.121,0.151,0.11,0.169
551.3,0.148,0.23,0.183,0.127,0.159,0.114,0.179
551.4,0.154,0.243,0.192,0.133,0.166,0.121,0.188
551.5,0.163,0.253,0.201,0.139,0.175,0.127,0.197
551.6,0.171,0.267,0.212,0.146,0.183,0.133,0.206
551.7,0.179,0.279,0.221,0.154,0.192,0.14,0.217
551.8,0.188,0.293,0.233,0.162,0.201,0.146,0.227
551.9,0.197,0.308,0.244,0.169,0.212,0.154,0.238
552,0.208,0.323,0.256,0.177,0.223,0.162,0.25
552.1,0.217,0.339,0.269,0.186,0.233,0.169,0.262
552.2,0.227,0.356,0.281,0.195,0.246,0.179,0.275
552.3,0.24,0.374,0.294,0.206,0.256,0.188,0.288
552.4,0.25,0.394,0.308,0.215,0.27,0.197,0.302
552.5,0.264,0.415,0.323,0.226,0.282,0.206,0.317
552.6,0.276,0.438,0.34,0.237,0.296,0.217,0.334
552.7,0.29,0.465,0.357,0.249,0.311,0.227,0.351
552.8,0.304,0.496,0.375,0.261,0.328,0.238,0.371
552.9,0.319,0.534,0.395,0.273,0.345,0.249,0.392
553,0.336,0.578,0.417,0.287,0.363,0.261,0.417
553.1,0.352,0.63,0.443,0.301,0.385,0.275,0.446
553.2,0.372,0.691,0.471,0.316,0.409,0.288,0.479
553.3,0.395,0.764,0.507,0.333,0.438,0.302,0.52
553.4,0.421,0.848,0.548,0.349,0.473,0.317,0.569
553.5,0.45,0.946,0.597,0.368,0.513,0.334,0.627
553.6,0.485,1.059,0.656,0.389,0.562,0.352,0.694
553.7,0.528,1.189,0.723,0.414,0.62,0.372,0.774
553.8,0.578,1.334,0.804,0.441,0.687,0.395,0.867
553.9,0.638,1.498,0.897,0.475,0.768,0.423,0.974
554,0.708,1.683,1.004,0.514,0.861,0.455,1.097
554.1,0.79,1.888,1.128,0.562,0.967,0.494,1.237
554.2,0.887,2.116,1.268,0.616,1.091,0.54,1.396
554.3,0.996,2.368,1.425,0.684,1.231,0.595,1.573
554.4,1.123,2.646,1.604,0.761,1.39,0.661,1.772
554.5,1.265,2.95,1.801,0.851,1.567,0.737,1.993
554.6,1.428,3.279,2.022,0.957,1.765,0.827,2.237
554.7,1.61,3.638,2.266,1.077,1.987,0.931,2.505
554.8,1.814,4.027,2.533,1.213,2.231,1.05,2.798
554.9,2.039,4.448,2.827,1.367,2.499,1.184,3.119
555,2.286,4.898,3.146,1.541,2.792,1.337,3.467
555.1,2.559,5.383,3.494,1.735,3.113,1.509,3.845
555.2,2.856,5.902,3.871,1.95,3.462,1.701,4.253
555.3,3.183,6.456,4.279,2.188,3.839,1.915,4.694
555.4,3.535,7.048,4.716,2.449,4.248,2.151,5.165
555.5,3.917,7.675,5.186,2.736,4.688,2.411,5.672
555.6,4.329,8.34,5.692,3.05,5.159,2.696,6.213
555.7,4.773,9.045,6.232,3.391,5.664,3.008,6.79
555.8,5.251,9.789,6.805,3.76,6.206,3.345,7.404
555.9,5.762,10.573,7.417,4.158,6.781,3.712,8.055
556,6.308,11.394,8.066,4.588,7.394,4.108,8.743
556.1,6.888,12.256,8.754,5.051,8.043,4.535,9.473
556.2,7.507,13.156,9.48,5.545,8.731,4.994,10.242
556.3,8.165,14.096,10.248,6.076,9.459,5.487,11.049
556.4,8.859,15.076,11.052,6.639,10.225,6.013,11.896
556.5,9.595,16.095,11.899,7.242,11.032,6.575,12.781
556.6,10.367,17.151,12.784,7.881,11.879,7.175,13.708
556.7,11.18,18.246,13.708,8.559,12.764,7.811,14.673
556.8,12.035,19.377,14.671,9.276,13.69,8.488,15.677
556.9,12.927,20.547,15.674,10.031,14.655,9.203,16.721
557,13.86,21.756,16.714,10.826,15.657,9.955,17.799
557.1,14.828,22.998,17.792,11.662,16.696,10.748,18.916
557.2,15.836,24.277,18.909,12.537,17.773,11.577,20.071
557.3,16.882,25.589,20.062,13.449,18.889,12.447,21.263
557.4,17.967,26.933,21.251,14.398,20.042,13.354,22.491
557.5,19.087,28.31,22.476,15.385,21.231,14.301,23.753
557.6,20.247,29.715,23.735,16.414,22.456,15.286,25.053
557.7,21.442,31.146,25.031,17.477,23.718,16.309,26.384
557.8,22.673,32.603,26.36,18.579,25.012,17.368,27.748
557.9,23.94,34.081,27.719,19.716,26.341,18.466,29.141
558,25.24,35.58,29.108,20.891,27.702,19.598,30.563
558.1,26.575,37.097,30.525,22.104,29.092,20.77,32.007
558.2,27.94,38.628,31.97,23.352,30.511,21.977,33.476
558.3,29.335,40.173,33.438,24.635,31.955,23.219,34.966
558.4,30.76,41.728,34.929,25.954,33.423,24.5,36.478
558.5,32.21,43.294,36.438,27.304,34.912,25.815,38.005
558.6,33.685,44.865,37.962,28.688,36.42,27.162,39.548
558.7,35.179,46.442,39.503,30.101,37.946,28.543,41.1
558.8,36.694,48.018,41.058,31.54,39.487,29.953,42.664
558.9,38.226,49.597,42.621,33.005,41.04,31.392,44.237
559,39.772,51.172,44.189,34.489,42.604,32.854,45.815
559.1,41.328,52.74,45.764,35.995,44.176,34.337,47.395
559.2,42.892,54.301,47.342,37.518,45.75,35.841,48.975
559.3,44.469,55.85,48.92,39.056,47.33,37.363,50.552
559.4,46.048,57.388,50.496,40.605,48.911,38.898,52.127
559.5,47.629,58.914,52.066,42.165,50.487,40.446,53.696
559.6,49.208,60.42,53.632,43.735,52.06,42.006,55.252
559.7,50.786,61.905,55.183,45.308,53.625,43.571,56.799
559.8,52.359,63.371,56.726,46.883,55.18,45.143,58.328
559.9,53.923,64.81,58.255,48.459,56.723,46.716,59.843
560,55.479,66.226,59.767,50.035,58.253,48.291,61.34
560.1,57.024,67.613,61.263,51.608,59.767,49.869,62.817
560.2,58.554,68.971,62.737,53.174,61.264,51.44,64.275
560.3,60.071,70.297,64.189,54.733,62.743,53.008,65.703
560.4,61.568,71.591,65.616,56.279,64.198,54.568,67.107
560.5,63.045,72.85,67.017,57.813,65.628,56.117,68.48
560.6,64.5,74.075,68.391,59.335,67.03,57.657,69.823
560.7,65.929,75.262,69.734,60.84,68.407,59.181,71.136
560.8,67.329,76.411,71.043,62.323,69.751,60.686,72.414
560.9,68.704,77.525,72.319,63.786,71.065,62.177,73.656
561,70.047,78.603,73.561,65.225,72.346,63.643,74.864
561.1,71.358,79.643,74.77,66.641,73.59,65.086,76.038
561.2,72.633,80.647,75.94,68.028,74.799,66.507,77.171
561.3,73.877,81.612,77.075,69.388,75.972,67.9,78.273
561.4,75.085,82.542,78.174,70.711,77.109,69.267,79.337
561.5,76.259,83.432,79.234,72.005,78.21,70.601,80.363
561.6,77.391,84.286,80.255,73.264,79.274,71.899,81.349
561.7,78.487,85.101,81.241,74.486,80.301,73.163,82.3
561.8,79.547,85.88,82.19,75.671,81.29,74.391,83.212
561.9,80.571,86.623,83.101,76.819,82.242,75.583,84.088
562,81.555,87.326,83.975,77.93,83.157,76.74,84.924
562.1,82.503,87.991,84.81,79.005,84.032,77.856,85.724
562.2,83.411,88.622,85.611,80.043,84.871,78.937,86.484
562.3,84.282,89.214,86.372,81.046,85.672,79.984,87.209
562.4,85.118,89.772,87.097,82.008,86.438,80.994,87.898
562.5,85.915,90.3,87.782,82.935,87.164,81.969,88.548
562.6,86.673,90.793,88.431,83.826,87.856,82.906,89.16
562.7,87.395,91.252,89.046,84.679,88.51,83.803,89.74
562.8,88.08,91.682,89.624,85.492,89.127,84.665,90.283
562.9,88.727,92.082,90.167,86.27,89.708,85.489,90.793
563,89.339,92.458,90.678,87.01,90.257,86.278,91.272
563.1,89.912,92.805,91.154,87.712,90.771,87.029,91.718
563.2,90.453,93.126,91.602,88.376,91.251,87.74,92.136
563.3,90.959,93.422,92.02,89.001,91.702,88.412,92.522
563.4,91.434,93.692,92.406,89.592,92.122,89.049,92.88
563.5,91.876,93.939,92.764,90.147,92.513,89.648,93.214
563.6,92.287,94.167,93.098,90.666,92.876,90.213,93.521
563.7,92.667,94.371,93.404,91.154,93.21,90.742,93.806
563.8,93.019,94.556,93.686,91.611,93.52,91.238,94.069
563.9,93.349,94.725,93.944,92.033,93.802,91.701,94.307
564,93.651,94.879,94.182,92.427,94.064,92.134,94.524
564.1,93.927,95.015,94.397,92.79,94.301,92.535,94.72
564.2,94.182,95.135,94.591,93.129,94.518,92.909,94.896
564.3,94.414,95.242,94.766,93.44,94.711,93.256,95.055
564.4,94.624,95.337,94.923,93.726,94.891,93.575,95.197
564.5,94.812,95.419,95.067,93.983,95.052,93.866,95.323
564.6,94.983,95.491,95.189,94.221,95.195,94.133,95.433
564.7,95.134,95.557,95.3,94.437,95.322,94.377,95.532
564.8,95.27,95.615,95.399,94.632,95.433,94.598,95.619
564.9,95.392,95.663,95.486,94.806,95.532,94.798,95.695
565,95.494,95.708,95.564,94.962,95.619,94.98,95.763
565.1,95.587,95.746,95.628,95.103,95.697,95.142,95.824
565.2,95.668,95.782,95.685,95.229,95.764,95.287,95.874
565.3,95.738,95.816,95.735,95.338,95.824,95.416,95.92
565.4,95.804,95.848,95.779,95.435,95.876,95.529,95.961
565.5,95.857,95.882,95.821,95.52,95.921,95.631,96.001
565.6,95.908,95.915,95.859,95.593,95.964,95.717,96.034
565.7,95.949,95.946,95.894,95.657,96.005,95.792,96.066
565.8,95.984,95.976,95.929,95.711,96.04,95.86,96.101
565.9,96.019,96.007,95.961,95.761,96.072,95.921,96.13
566,96.051,96.037,95.993,95.805,96.104,95.972,96.162
566.1,96.083,96.066,96.024,95.845,96.136,96.019,96.194
566.2,96.114,96.091,96.054,95.882,96.169,96.062,96.223
566.3,96.144,96.117,96.083,95.914,96.201,96.1,96.252
566.4,96.175,96.144,96.112,95.949,96.233,96.133,96.281
566.5,96.202,96.172,96.138,95.979,96.26,96.164,96.309
566.6,96.23,96.194,96.169,96.01,96.288,96.199,96.336
566.7,96.257,96.222,96.199,96.04,96.313,96.231,96.362
566.8,96.284,96.243,96.225,96.071,96.339,96.263,96.387
566.9,96.31,96.266,96.252,96.1,96.365,96.294,96.41
567,96.338,96.286,96.278,96.129,96.388,96.321,96.431
567.1,96.364,96.306,96.304,96.159,96.414,96.35,96.451
567.2,96.388,96.324,96.329,96.188,96.439,96.381,96.474
567.3,96.413,96.341,96.353,96.217,96.461,96.408,96.494
567.4,96.434,96.358,96.378,96.245,96.483,96.436,96.513
567.5,96.455,96.375,96.396,96.271,96.506,96.461,96.532
567.6,96.477,96.39,96.416,96.297,96.526,96.487,96.552
567.7,96.5,96.404,96.432,96.324,96.542,96.513,96.568
567.8,96.518,96.416,96.452,96.349,96.558,96.538,96.587
567.9,96.538,96.429,96.471,96.373,96.576,96.559,96.6
568,96.558,96.44,96.484,96.397,96.591,96.584,96.614
568.1,96.574,96.449,96.5,96.417,96.603,96.605,96.628
568.2,96.593,96.457,96.509,96.439,96.62,96.625,96.637
568.3,96.608,96.463,96.524,96.455,96.629,96.643,96.648
568.4,96.62,96.469,96.536,96.472,96.64,96.661,96.658
568.5,96.632,96.474,96.547,96.49,96.651,96.68,96.664
568.6,96.643,96.478,96.558,96.506,96.66,96.693,96.672
568.7,96.649,96.478,96.565,96.519,96.667,96.707,96.677
568.8,96.657,96.478,96.568,96.532,96.672,96.721,96.681
568.9,96.663,96.477,96.574,96.544,96.675,96.733,96.686
569,96.672,96.477,96.579,96.556,96.677,96.742,96.686
569.1,96.674,96.477,96.582,96.564,96.68,96.748,96.689
569.2,96.68,96.475,96.584,96.571,96.683,96.756,96.689
569.3,96.68,96.474,96.587,96.577,96.68,96.762,96.689
569.4,96.684,96.471,96.588,96.582,96.678,96.764,96.689
569.5,96.684,96.469,96.59,96.587,96.674,96.765,96.686
569.6,96.683,96.465,96.593,96.59,96.672,96.768,96.684
569.7,96.683,96.463,96.59,96.591,96.669,96.77,96.681
569.8,96.681,96.458,96.587,96.593,96.669,96.767,96.68
569.9,96.681,96.454,96.582,96.594,96.667,96.768,96.678
570,96.68,96.452,96.579,96.594,96.666,96.767,96.678
570.1,96.678,96.448,96.574,96.594,96.663,96.765,96.675
570.2,96.675,96.445,96.573,96.593,96.663,96.762,96.674
570.3,96.674,96.442,96.573,96.591,96.658,96.761,96.671
570.4,96.672,96.437,96.571,96.591,96.654,96.756,96.671
570.5,96.671,96.437,96.568,96.587,96.651,96.753,96.667
570.6,96.669,96.432,96.567,96.587,96.648,96.75,96.664
570.7,96.669,96.431,96.567,96.585,96.645,96.745,96.663
570.8,96.664,96.426,96.565,96.584,96.642,96.741,96.661
570.9,96.66,96.426,96.565,96.581,96.64,96.736,96.658
571,96.658,96.425,96.562,96.579,96.64,96.733,96.657
571.1,96.655,96.422,96.561,96.577,96.637,96.732,96.655
571.2,96.654,96.419,96.561,96.574,96.638,96.725,96.654
571.3,96.651,96.419,96.559,96.574,96.638,96.722,96.651
571.4,96.648,96.417,96.561,96.573,96.635,96.719,96.651
571.5,96.649,96.417,96.561,96.573,96.637,96.718,96.646
571.6,96.648,96.419,96.559,96.573,96.635,96.715,96.648
571.7,96.646,96.42,96.559,96.571,96.634,96.713,96.649
571.8,96.646,96.42,96.559,96.571,96.634,96.713,96.649
571.9,96.648,96.422,96.561,96.573,96.634,96.712,96.649
572,96.648,96.426,96.564,96.573,96.634,96.71,96.652
572.1,96.649,96.431,96.564,96.571,96.635,96.709,96.651
572.2,96.651,96.432,96.565,96.573,96.638,96.709,96.654
572.3,96.652,96.436,96.568,96.573,96.642,96.709,96.655
572.4,96.652,96.437,96.571,96.576,96.642,96.71,96.657
572.5,96.654,96.439,96.573,96.576,96.648,96.709,96.66
572.6,96.654,96.442,96.576,96.577,96.651,96.712,96.661
572.7,96.658,96.445,96.577,96.581,96.652,96.713,96.663
572.8,96.661,96.446,96.579,96.582,96.654,96.716,96.667
572.9,96.661,96.446,96.584,96.587,96.658,96.719,96.672
573,96.661,96.449,96.588,96.588,96.657,96.719,96.675
573.1,96.664,96.449,96.591,96.59,96.658,96.719,96.675
573.2,96.666,96.451,96.597,96.594,96.661,96.721,96.678
573.3,96.666,96.452,96.603,96.596,96.664,96.722,96.678
573.4,96.667,96.455,96.605,96.6,96.667,96.724,96.678
573.5,96.667,96.457,96.603,96.605,96.671,96.729,96.681
573.6,96.669,96.458,96.605,96.609,96.672,96.73,96.681
573.7,96.669,96.458,96.608,96.613,96.674,96.733,96.683
573.8,96.671,96.46,96.605,96.616,96.677,96.735,96.683
573.9,96.667,96.46,96.605,96.617,96.681,96.735,96.683
574,96.669,96.46,96.606,96.62,96.683,96.736,96.683
574.1,96.671,96.46,96.606,96.625,96.683,96.738,96.684
574.2,96.669,96.46,96.608,96.625,96.686,96.741,96.683
574.3,96.669,96.46,96.608,96.629,96.686,96.741,96.684
574.4,96.667,96.46,96.609,96.629,96.686,96.742,96.683
574.5,96.667,96.458,96.608,96.629,96.687,96.747,96.684
574.6,96.666,96.46,96.605,96.631,96.686,96.747,96.684
574.7,96.663,96.46,96.603,96.632,96.686,96.747,96.686
574.8,96.663,96.458,96.603,96.634,96.686,96.745,96.683
574.9,96.661,96.455,96.603,96.635,96.684,96.744,96.683
575,96.66,96.455,96.605,96.634,96.683,96.742,96.681
575.1,96.657,96.452,96.602,96.632,96.681,96.742,96.68
575.2,96.655,96.451,96.6,96.632,96.68,96.739,96.678
575.3,96.652,96.449,96.599,96.635,96.677,96.739,96.678
575.4,96.649,96.448,96.599,96.635,96.675,96.736,96.674
575.5,96.648,96.445,96.594,96.634,96.672,96.735,96.672
575.6,96.645,96.442,96.594,96.632,96.667,96.733,96.674
575.7,96.643,96.439,96.593,96.631,96.661,96.732,96.672
575.8,96.64,96.437,96.591,96.629,96.66,96.732,96.669
575.9,96.635,96.434,96.587,96.626,96.658,96.729,96.669
576,96.632,96.431,96.584,96.626,96.655,96.724,96.663
576.1,96.632,96.428,96.581,96.625,96.654,96.721,96.66
576.2,96.631,96.425,96.576,96.623,96.654,96.718,96.657
576.3,96.628,96.422,96.573,96.622,96.651,96.718,96.654
576.4,96.626,96.42,96.567,96.617,96.649,96.715,96.652
576.5,96.626,96.419,96.564,96.614,96.645,96.713,96.651
576.6,96.623,96.414,96.561,96.613,96.64,96.712,96.649
576.7,96.62,96.413,96.559,96.609,96.638,96.707,96.646
576.8,96.617,96.41,96.556,96.605,96.637,96.703,96.643
576.9,96.614,96.407,96.553,96.605,96.634,96.703,96.642
577,96.611,96.404,96.553,96.602,96.631,96.701,96.64
577.1,96.613,96.4,96.553,96.6,96.628,96.7,96.638
577.2,96.611,96.4,96.55,96.597,96.625,96.7,96.638
577.3,96.611,96.396,96.547,96.593,96.622,96.698,96.637
577.4,96.613,96.393,96.544,96.59,96.617,96.695,96.635
577.5,96.614,96.388,96.541,96.587,96.614,96.693,96.631
577.6,96.614,96.385,96.538,96.585,96.611,96.69,96.629
577.7,96.611,96.382,96.536,96.585,96.608,96.686,96.626
577.8,96.613,96.379,96.535,96.584,96.606,96.683,96.623
577.9,96.613,96.375,96.53,96.581,96.602,96.683,96.62
578,96.613,96.373,96.529,96.579,96.6,96.681,96.617
578.1,96.614,96.37,96.524,96.574,96.596,96.68,96.616
578.2,96.614,96.365,96.518,96.573,96.593,96.678,96.613
578.3,96.616,96.361,96.515,96.571,96.591,96.677,96.609
578.4,96.616,96.355,96.507,96.57,96.59,96.677,96.605
578.5,96.614,96.349,96.504,96.564,96.587,96.675,96.6
578.6,96.614,96.342,96.497,96.561,96.584,96.674,96.599
578.7,96.611,96.336,96.492,96.559,96.581,96.674,96.594
578.8,96.609,96.33,96.486,96.558,96.579,96.671,96.591
578.9,96.608,96.324,96.48,96.555,96.576,96.669,96.587
579,96.606,96.317,96.475,96.553,96.573,96.663,96.582
579.1,96.605,96.307,96.471,96.552,96.57,96.661,96.577
579.2,96.603,96.301,96.465,96.545,96.567,96.66,96.573
579.3,96.602,96.295,96.458,96.542,96.559,96.657,96.568
579.4,96.597,96.288,96.454,96.539,96.556,96.654,96.564
579.5,96.593,96.281,96.446,96.536,96.55,96.651,96.558
579.6,96.59,96.272,96.439,96.532,96.544,96.646,96.548
579.7,96.585,96.263,96.431,96.526,96.535,96.642,96.542
579.8,96.584,96.259,96.423,96.519,96.53,96.637,96.536
579.9,96.579,96.249,96.414,96.515,96.523,96.634,96.527
580,96.577,96.24,96.407,96.509,96.516,96.629,96.519
580.1,96.571,96.231,96.399,96.503,96.509,96.623,96.509
580.2,96.567,96.222,96.388,96.497,96.501,96.619,96.501
580.3,96.561,96.213,96.379,96.489,96.492,96.616,96.494
580.4,96.553,96.202,96.37,96.481,96.484,96.609,96.483
580.5,96.544,96.194,96.362,96.474,96.477,96.605,96.472
580.6,96.535,96.185,96.353,96.463,96.471,96.597,96.463
580.7,96.526,96.175,96.344,96.455,96.461,96.591,96.455
580.8,96.518,96.165,96.333,96.448,96.455,96.585,96.448
580.9,96.51,96.155,96.324,96.439,96.445,96.579,96.439
581,96.501,96.147,96.313,96.428,96.437,96.573,96.429
581.1,96.492,96.14,96.304,96.419,96.429,96.565,96.422
581.2,96.484,96.13,96.294,96.411,96.42,96.556,96.41
581.3,96.474,96.123,96.284,96.404,96.414,96.55,96.399
581.4,96.463,96.115,96.275,96.393,96.407,96.541,96.39
581.5,96.454,96.107,96.266,96.381,96.397,96.53,96.381
581.6,96.445,96.101,96.259,96.371,96.39,96.521,96.371
581.7,96.436,96.094,96.251,96.361,96.381,96.512,96.365
581.8,96.426,96.086,96.243,96.349,96.373,96.503,96.356
581.9,96.417,96.08,96.236,96.336,96.364,96.492,96.347
582,96.411,96.074,96.228,96.324,96.358,96.484,96.338
582.1,96.402,96.071,96.22,96.313,96.35,96.477,96.332
582.2,96.393,96.068,96.213,96.303,96.344,96.471,96.326
582.3,96.384,96.066,96.207,96.294,96.336,96.461,96.318
582.4,96.373,96.063,96.201,96.284,96.329,96.452,96.313
582.5,96.365,96.059,96.194,96.278,96.324,96.448,96.307
582.6,96.356,96.057,96.188,96.266,96.318,96.44,96.301
582.7,96.35,96.056,96.185,96.257,96.315,96.432,96.295
582.8,96.341,96.056,96.184,96.251,96.312,96.428,96.294
582.9,96.333,96.054,96.178,96.246,96.312,96.422,96.292
583,96.326,96.051,96.175,96.239,96.31,96.417,96.289
583.1,96.32,96.049,96.172,96.233,96.307,96.413,96.288
583.2,96.312,96.048,96.167,96.225,96.306,96.407,96.286
583.3,96.306,96.049,96.165,96.219,96.304,96.402,96.284
583.4,96.301,96.051,96.165,96.213,96.306,96.399,96.283
583.5,96.297,96.051,96.165,96.208,96.306,96.393,96.28
583.6,96.292,96.051,96.164,96.205,96.306,96.388,96.278
583.7,96.289,96.051,96.162,96.202,96.306,96.385,96.278
583.8,96.284,96.054,96.162,96.201,96.306,96.381,96.278
583.9,96.281,96.056,96.162,96.196,96.309,96.378,96.278
584,96.278,96.057,96.162,96.191,96.309,96.376,96.278
584.1,96.275,96.059,96.161,96.188,96.31,96.375,96.28
584.2,96.274,96.062,96.162,96.188,96.31,96.371,96.28
584.3,96.271,96.063,96.165,96.188,96.312,96.37,96.28
584.4,96.268,96.065,96.169,96.188,96.313,96.371,96.283
584.5,96.266,96.068,96.172,96.188,96.315,96.371,96.288
584.6,96.266,96.072,96.175,96.188,96.317,96.371,96.288
584.7,96.263,96.074,96.178,96.19,96.32,96.373,96.289
584.8,96.262,96.077,96.181,96.19,96.324,96.375,96.294
584.9,96.262,96.078,96.182,96.194,96.329,96.375,96.295
585,96.262,96.083,96.185,96.199,96.33,96.376,96.295
585.1,96.263,96.086,96.188,96.204,96.333,96.378,96.3
585.2,96.262,96.089,96.191,96.208,96.336,96.381,96.304
585.3,96.263,96.089,96.193,96.211,96.338,96.384,96.306
585.4,96.265,96.092,96.196,96.216,96.342,96.387,96.307
585.5,96.266,96.095,96.201,96.219,96.346,96.39,96.31
585.6,96.268,96.097,96.205,96.22,96.35,96.396,96.313
585.7,96.268,96.1,96.21,96.223,96.353,96.399,96.318
585.8,96.271,96.1,96.211,96.23,96.359,96.402,96.323
585.9,96.274,96.1,96.214,96.234,96.361,96.405,96.327
586,96.277,96.101,96.216,96.239,96.364,96.405,96.327
586.1,96.278,96.104,96.22,96.242,96.367,96.41,96.329
586.2,96.283,96.106,96.222,96.246,96.37,96.413,96.329
586.3,96.286,96.107,96.225,96.251,96.373,96.414,96.33
586.4,96.286,96.106,96.228,96.257,96.375,96.419,96.333
586.5,96.291,96.106,96.231,96.26,96.378,96.42,96.333
586.6,96.292,96.106,96.231,96.263,96.379,96.422,96.336
586.7,96.295,96.109,96.231,96.268,96.382,96.428,96.341
586.8,96.295,96.112,96.233,96.271,96.385,96.432,96.344
586.9,96.3,96.117,96.234,96.275,96.387,96.436,96.347
587,96.303,96.117,96.237,96.28,96.385,96.439,96.349
587.1,96.303,96.118,96.239,96.286,96.388,96.443,96.35
587.2,96.304,96.118,96.243,96.291,96.39,96.445,96.352
587.3,96.309,96.12,96.248,96.295,96.394,96.448,96.355
587.4,96.31,96.121,96.251,96.297,96.396,96.451,96.358
587.5,96.313,96.123,96.251,96.3,96.399,96.452,96.361
587.6,96.317,96.123,96.251,96.3,96.4,96.454,96.364
587.7,96.32,96.126,96.254,96.304,96.402,96.455,96.364
587.8,96.321,96.127,96.257,96.306,96.404,96.458,96.367
587.9,96.323,96.132,96.257,96.309,96.405,96.461,96.371
588,96.327,96.132,96.259,96.312,96.405,96.463,96.371
588.1,96.329,96.133,96.259,96.312,96.405,96.465,96.375
588.2,96.327,96.135,96.262,96.313,96.405,96.465,96.376
588.3,96.33,96.136,96.262,96.313,96.407,96.466,96.376
588.4,96.333,96.136,96.262,96.315,96.41,96.466,96.376
588.5,96.336,96.138,96.265,96.315,96.411,96.466,96.378
588.6,96.338,96.138,96.266,96.317,96.411,96.466,96.378
588.7,96.339,96.14,96.263,96.317,96.414,96.465,96.379
588.8,96.342,96.141,96.265,96.32,96.414,96.466,96.379
588.9,96.347,96.141,96.265,96.318,96.414,96.465,96.379
589,96.349,96.143,96.268,96.32,96.414,96.466,96.379
589.1,96.35,96.146,96.268,96.32,96.417,96.468,96.379
589.2,96.352,96.147,96.266,96.32,96.419,96.469,96.382
589.3,96.355,96.144,96.268,96.321,96.417,96.469,96.382
589.4,96.356,96.146,96.269,96.32,96.417,96.471,96.382
589.5,96.356,96.147,96.271,96.321,96.417,96.472,96.385
589.6,96.359,96.15,96.272,96.32,96.419,96.472,96.385
589.7,96.361,96.152,96.274,96.321,96.416,96.472,96.385
589.8,96.361,96.152,96.275,96.321,96.414,96.474,96.387
589.9,96.364,96.153,96.278,96.323,96.414,96.472,96.387
590,96.365,96.153,96.28,96.323,96.413,96.471,96.39
590.1,96.365,96.152,96.278,96.323,96.414,96.469,96.393
590.2,96.368,96.152,96.278,96.323,96.414,96.469,96.393
590.3,96.368,96.152,96.278,96.321,96.413,96.469,96.394
590.4,96.368,96.153,96.277,96.321,96.413,96.471,96.394
590.5,96.368,96.152,96.277,96.321,96.411,96.471,96.394
590.6,96.37,96.152,96.277,96.323,96.411,96.472,96.394
590.7,96.368,96.153,96.275,96.321,96.41,96.472,96.394
590.8,96.368,96.155,96.275,96.321,96.41,96.475,96.393
590.9,96.37,96.152,96.272,96.321,96.41,96.475,96.396
591,96.371,96.15,96.272,96.323,96.41,96.475,96.394
591.1,96.375,96.15,96.274,96.323,96.408,96.475,96.393
591.2,96.378,96.152,96.275,96.326,96.41,96.478,96.393
591.3,96.379,96.15,96.277,96.329,96.411,96.48,96.393
591.4,96.381,96.152,96.277,96.332,96.413,96.48,96.393
591.5,96.381,96.152,96.28,96.333,96.414,96.481,96.394
591.6,96.384,96.152,96.28,96.335,96.414,96.483,96.394
591.7,96.385,96.153,96.28,96.336,96.416,96.484,96.396
591.8,96.387,96.155,96.28,96.338,96.416,96.484,96.397
591.9,96.388,96.155,96.281,96.339,96.416,96.487,96.399
592,96.388,96.153,96.28,96.341,96.417,96.487,96.399
592.1,96.39,96.152,96.28,96.342,96.419,96.49,96.4
592.2,96.39,96.152,96.28,96.346,96.42,96.492,96.404
592.3,96.39,96.152,96.281,96.349,96.419,96.492,96.404
592.4,96.39,96.153,96.283,96.35,96.419,96.494,96.402
592.5,96.391,96.155,96.283,96.352,96.419,96.497,96.402
592.6,96.391,96.153,96.283,96.353,96.42,96.495,96.404
592.7,96.393,96.153,96.283,96.355,96.422,96.495,96.402
592.8,96.393,96.153,96.283,96.355,96.423,96.497,96.405
592.9,96.391,96.155,96.281,96.355,96.423,96.498,96.405
593,96.391,96.155,96.281,96.356,96.425,96.495,96.405
593.1,96.39,96.153,96.283,96.358,96.426,96.495,96.404
593.2,96.391,96.153,96.281,96.356,96.428,96.495,96.404
593.3,96.393,96.155,96.283,96.358,96.428,96.497,96.4
593.4,96.393,96.156,96.283,96.359,96.426,96.497,96.402
593.5,96.394,96.158,96.286,96.361,96.429,96.495,96.402
593.6,96.393,96.161,96.286,96.362,96.429,96.497,96.404
593.7,96.393,96.162,96.288,96.362,96.432,96.497,96.404
593.8,96.391,96.164,96.286,96.364,96.434,96.495,96.404
593.9,96.393,96.162,96.288,96.364,96.434,96.494,96.404
594,96.393,96.164,96.289,96.365,96.437,96.492,96.402
594.1,96.393,96.164,96.292,96.365,96.437,96.492,96.404
594.2,96.393,96.164,96.291,96.364,96.44,96.492,96.404
594.3,96.391,96.164,96.289,96.362,96.442,96.49,96.404
594.4,96.388,96.164,96.288,96.359,96.442,96.487,96.402
594.5,96.387,96.164,96.288,96.358,96.443,96.486,96.402
594.6,96.385,96.162,96.286,96.356,96.44,96.486,96.402
594.7,96.385,96.164,96.284,96.356,96.442,96.484,96.4
594.8,96.382,96.161,96.283,96.356,96.442,96.484,96.402
594.9,96.379,96.161,96.281,96.353,96.439,96.483,96.402
595,96.378,96.161,96.28,96.35,96.439,96.48,96.4
595.1,96.375,96.159,96.28,96.349,96.437,96.478,96.399
595.2,96.373,96.158,96.28,96.346,96.436,96.477,96.399
595.3,96.367,96.158,96.278,96.344,96.434,96.474,96.399
595.4,96.367,96.158,96.275,96.341,96.432,96.472,96.396
595.5,96.367,96.156,96.274,96.336,96.432,96.471,96.393
595.6,96.364,96.155,96.272,96.332,96.431,96.469,96.391
595.7,96.361,96.155,96.269,96.329,96.431,96.466,96.39
595.8,96.361,96.153,96.269,96.327,96.428,96.468,96.387
595.9,96.359,96.15,96.265,96.326,96.426,96.466,96.388
596,96.359,96.149,96.262,96.324,96.422,96.463,96.384
596.1,96.356,96.147,96.26,96.323,96.422,96.463,96.382
596.2,96.356,96.146,96.259,96.32,96.42,96.465,96.381
596.3,96.355,96.146,96.254,96.318,96.419,96.465,96.379
596.4,96.352,96.143,96.254,96.317,96.419,96.465,96.376
596.5,96.349,96.14,96.249,96.315,96.419,96.463,96.375
596.6,96.349,96.136,96.246,96.31,96.42,96.463,96.371
596.7,96.347,96.133,96.242,96.309,96.419,96.463,96.368
596.8,96.347,96.127,96.24,96.306,96.419,96.463,96.367
596.9,96.347,96.124,96.236,96.304,96.414,96.463,96.364
597,96.344,96.118,96.233,96.301,96.411,96.465,96.361
597.1,96.342,96.115,96.228,96.3,96.411,96.465,96.359
597.2,96.339,96.111,96.225,96.295,96.407,96.466,96.358
597.3,96.339,96.104,96.22,96.292,96.404,96.466,96.355
597.4,96.339,96.101,96.217,96.291,96.4,96.465,96.352
597.5,96.335,96.095,96.214,96.288,96.399,96.465,96.35
597.6,96.333,96.091,96.21,96.286,96.396,96.466,96.346
597.7,96.332,96.086,96.205,96.281,96.394,96.466,96.342
597.8,96.33,96.082,96.202,96.278,96.39,96.466,96.339
597.9,96.329,96.075,96.198,96.277,96.384,96.466,96.333
598,96.329,96.069,96.191,96.274,96.378,96.466,96.329
598.1,96.324,96.066,96.187,96.272,96.378,96.465,96.323
598.2,96.323,96.06,96.182,96.268,96.373,96.465,96.318
598.3,96.323,96.053,96.176,96.266,96.368,96.465,96.313
598.4,96.321,96.049,96.17,96.263,96.365,96.463,96.307
598.5,96.32,96.043,96.165,96.259,96.361,96.461,96.3
598.6,96.318,96.036,96.159,96.255,96.356,96.46,96.295
598.7,96.313,96.031,96.153,96.249,96.35,96.458,96.292
598.8,96.31,96.025,96.149,96.245,96.346,96.457,96.288
598.9,96.307,96.017,96.143,96.24,96.341,96.454,96.283
599,96.303,96.01,96.136,96.236,96.338,96.451,96.278
599.1,96.3,96.005,96.132,96.23,96.33,96.449,96.274
599.2,96.295,96.001,96.127,96.223,96.327,96.448,96.269
599.3,96.294,95.995,96.12,96.219,96.323,96.446,96.265
599.4,96.288,95.988,96.115,96.214,96.318,96.442,96.26
599.5,96.284,95.981,96.106,96.208,96.313,96.439,96.255
599.6,96.281,95.976,96.101,96.204,96.307,96.436,96.251
599.7,96.275,95.972,96.097,96.198,96.301,96.432,96.248
599.8,96.271,95.966,96.091,96.193,96.295,96.428,96.243
599.9,96.266,95.958,96.085,96.185,96.288,96.422,96.237
600,96.262,95.953,96.078,96.181,96.281,96.417,96.23
600.1,96.257,95.947,96.072,96.175,96.277,96.41,96.227
600.2,96.255,95.943,96.068,96.169,96.271,96.405,96.222
600.3,96.254,95.94,96.062,96.162,96.265,96.399,96.217
600.4,96.249,95.934,96.056,96.156,96.259,96.393,96.213
600.5,96.243,95.932,96.051,96.153,96.254,96.391,96.207
600.6,96.237,95.927,96.046,96.147,96.248,96.387,96.204
600.7,96.234,95.926,96.039,96.141,96.242,96.381,96.199
600.8,96.231,95.923,96.036,96.133,96.237,96.375,96.196
600.9,96.228,95.917,96.031,96.13,96.231,96.367,96.191
601,96.223,95.915,96.027,96.124,96.228,96.362,96.188
601.1,96.219,95.911,96.022,96.117,96.223,96.358,96.185
601.2,96.214,95.911,96.019,96.112,96.22,96.352,96.184
601.3,96.213,95.906,96.013,96.104,96.216,96.349,96.179
601.4,96.207,95.903,96.011,96.1,96.213,96.344,96.178
601.5,96.201,95.901,96.008,96.094,96.208,96.338,96.175
601.6,96.194,95.898,96.004,96.089,96.205,96.333,96.173
601.7,96.191,95.897,95.999,96.085,96.201,96.329,96.172
601.8,96.187,95.894,95.998,96.08,96.198,96.323,96.172
601.9,96.187,95.891,95.996,96.077,96.193,96.318,96.169
602,96.184,95.891,95.995,96.075,96.19,96.312,96.165
602.1,96.182,95.888,95.992,96.071,96.188,96.307,96.165
602.2,96.181,95.889,95.99,96.068,96.185,96.304,96.165
602.3,96.179,95.889,95.99,96.066,96.184,96.3,96.164
602.4,96.178,95.889,95.987,96.063,96.182,96.297,96.165
602.5,96.178,95.888,95.987,96.06,96.179,96.292,96.164
602.6,96.178,95.889,95.984,96.057,96.178,96.291,96.164
602.7,96.176,95.889,95.987,96.056,96.176,96.286,96.165
602.8,96.175,95.889,95.985,96.054,96.175,96.281,96.167
602.9,96.175,95.889,95.985,96.054,96.175,96.277,96.167
603,96.176,95.892,95.985,96.054,96.176,96.277,96.169
603.1,96.175,95.895,95.987,96.053,96.175,96.275,96.17
603.2,96.176,95.898,95.988,96.051,96.175,96.274,96.173
603.3,96.176,95.901,95.988,96.049,96.176,96.272,96.175
603.4,96.176,95.903,95.988,96.048,96.175,96.272,96.176
603.5,96.175,95.905,95.992,96.049,96.178,96.272,96.179
603.6,96.178,95.908,95.993,96.051,96.181,96.269,96.182
603.7,96.178,95.909,95.992,96.051,96.184,96.266,96.187
603.8,96.179,95.912,95.993,96.053,96.184,96.266,96.188
603.9,96.181,95.911,95.998,96.054,96.187,96.266,96.19
604,96.181,95.914,95.999,96.057,96.187,96.265,96.193
604.1,96.181,95.918,96.001,96.056,96.19,96.266,96.198
604.2,96.182,95.921,96.005,96.057,96.193,96.265,96.201
604.3,96.185,95.926,96.008,96.059,96.198,96.266,96.202
604.4,96.187,95.93,96.011,96.06,96.201,96.266,96.207
604.5,96.188,95.932,96.016,96.063,96.202,96.265,96.208
604.6,96.193,95.935,96.017,96.065,96.205,96.266,96.213
604.7,96.198,95.938,96.021,96.066,96.207,96.268,96.216
604.8,96.202,95.94,96.022,96.069,96.207,96.269,96.22
604.9,96.207,95.944,96.028,96.071,96.21,96.269,96.223
605,96.211,95.949,96.033,96.072,96.214,96.272,96.225
605.1,96.214,95.953,96.034,96.077,96.217,96.274,96.23
605.2,96.217,95.955,96.036,96.078,96.22,96.278,96.234
605.3,96.219,95.959,96.04,96.083,96.222,96.28,96.239
605.4,96.223,95.964,96.043,96.085,96.227,96.281,96.242
605.5,96.228,95.966,96.046,96.089,96.231,96.284,96.246
605.6,96.233,95.969,96.049,96.094,96.236,96.288,96.251
605.7,96.236,95.973,96.056,96.098,96.24,96.291,96.255
605.8,96.24,95.976,96.062,96.103,96.245,96.292,96.26
605.9,96.246,95.981,96.068,96.106,96.248,96.297,96.263
606,96.252,95.987,96.072,96.112,96.252,96.301,96.268
606.1,96.259,95.99,96.078,96.115,96.255,96.304,96.274
606.2,96.263,95.995,96.085,96.12,96.26,96.307,96.28
606.3,96.271,95.999,96.091,96.124,96.265,96.313,96.284
606.4,96.274,96.004,96.095,96.13,96.271,96.318,96.289
606.5,96.281,96.007,96.101,96.136,96.274,96.323,96.294
606.6,96.288,96.013,96.109,96.144,96.278,96.329,96.297
606.7,96.294,96.016,96.112,96.147,96.281,96.333,96.3
606.8,96.3,96.017,96.117,96.152,96.283,96.336,96.304
606.9,96.306,96.021,96.123,96.158,96.288,96.341,96.309
607,96.312,96.022,96.126,96.161,96.289,96.344,96.31
607.1,96.315,96.027,96.127,96.167,96.291,96.349,96.315
607.2,96.321,96.03,96.132,96.172,96.294,96.352,96.317
607.3,96.327,96.033,96.135,96.178,96.297,96.356,96.32
607.4,96.332,96.033,96.136,96.181,96.297,96.359,96.321
607.5,96.336,96.034,96.14,96.188,96.298,96.362,96.324
607.6,96.338,96.034,96.143,96.191,96.298,96.364,96.326
607.7,96.342,96.036,96.146,96.196,96.3,96.368,96.327
607.8,96.346,96.037,96.147,96.201,96.3,96.37,96.327
607.9,96.346,96.037,96.15,96.207,96.3,96.371,96.327
608,96.349,96.037,96.152,96.211,96.301,96.373,96.327
608.1,96.347,96.034,96.153,96.216,96.301,96.376,96.327
608.2,96.347,96.033,96.153,96.219,96.301,96.378,96.329
608.3,96.347,96.03,96.156,96.222,96.303,96.379,96.326
608.4,96.347,96.03,96.156,96.225,96.303,96.381,96.326
608.5,96.349,96.025,96.156,96.227,96.303,96.382,96.321
608.6,96.349,96.024,96.156,96.23,96.3,96.382,96.321
608.7,96.347,96.022,96.156,96.233,96.298,96.381,96.318
608.8,96.349,96.019,96.156,96.236,96.297,96.381,96.315
608.9,96.349,96.016,96.155,96.237,96.295,96.378,96.312
609,96.349,96.013,96.153,96.24,96.294,96.379,96.309
609.1,96.346,96.008,96.15,96.243,96.292,96.379,96.306
609.2,96.346,96.005,96.149,96.243,96.289,96.378,96.303
609.3,96.344,96.001,96.146,96.246,96.288,96.379,96.297
609.4,96.344,95.998,96.141,96.249,96.283,96.381,96.292
609.5,96.339,95.992,96.14,96.251,96.28,96.378,96.289
609.6,96.336,95.985,96.138,96.254,96.275,96.376,96.286
609.7,96.332,95.981,96.133,96.254,96.274,96.373,96.281
609.8,96.33,95.976,96.13,96.252,96.271,96.368,96.277
609.9,96.327,95.97,96.127,96.252,96.263,96.367,96.272
610,96.323,95.969,96.126,96.252,96.262,96.365,96.266
610.1,96.318,95.964,96.123,96.254,96.257,96.364,96.26
610.2,96.317,95.959,96.121,96.252,96.254,96.361,96.259
610.3,96.317,95.953,96.12,96.251,96.249,96.359,96.252
610.4,96.31,95.949,96.117,96.248,96.245,96.359,96.248
610.5,96.306,95.944,96.114,96.249,96.239,96.355,96.24
610.6,96.301,95.938,96.109,96.249,96.236,96.353,96.234
610.7,96.298,95.932,96.101,96.248,96.231,96.35,96.23
610.8,96.297,95.926,96.097,96.249,96.227,96.349,96.223
610.9,96.292,95.918,96.094,96.248,96.222,96.346,96.219
611,96.289,95.914,96.088,96.248,96.217,96.339,96.213
611.1,96.288,95.909,96.083,96.246,96.214,96.336,96.208
611.2,96.284,95.906,96.08,96.246,96.211,96.333,96.204
611.3,96.283,95.901,96.075,96.245,96.207,96.329,96.198
611.4,96.281,95.897,96.071,96.245,96.202,96.326,96.193
611.5,96.28,95.894,96.066,96.243,96.196,96.321,96.19
611.6,96.275,95.889,96.063,96.24,96.191,96.317,96.185
611.7,96.274,95.885,96.059,96.24,96.187,96.31,96.182
611.8,96.271,95.879,96.054,96.239,96.185,96.309,96.178
611.9,96.269,95.876,96.053,96.237,96.182,96.307,96.173
612,96.266,95.871,96.049,96.236,96.176,96.304,96.17
612.1,96.262,95.866,96.045,96.233,96.172,96.303,96.165
612.2,96.257,95.86,96.04,96.23,96.169,96.298,96.162
612.3,96.252,95.856,96.039,96.227,96.164,96.295,96.158
612.4,96.249,95.85,96.036,96.228,96.159,96.292,96.152
612.5,96.245,95.845,96.031,96.223,96.153,96.291,96.15
612.6,96.242,95.839,96.028,96.222,96.15,96.286,96.144
612.7,96.24,95.837,96.022,96.217,96.149,96.284,96.14
612.8,96.239,95.833,96.017,96.216,96.146,96.281,96.135
612.9,96.237,95.827,96.014,96.211,96.141,96.281,96.129
613,96.234,95.824,96.011,96.213,96.14,96.28,96.126
613.1,96.233,95.816,96.007,96.213,96.136,96.278,96.123
613.2,96.23,95.811,96.001,96.211,96.132,96.275,96.118
613.3,96.227,95.805,95.998,96.21,96.129,96.274,96.114
613.4,96.222,95.801,95.995,96.208,96.123,96.271,96.107
613.5,96.217,95.795,95.99,96.21,96.121,96.268,96.106
613.6,96.217,95.789,95.984,96.211,96.118,96.265,96.101
613.7,96.216,95.781,95.981,96.208,96.115,96.262,96.098
613.8,96.214,95.778,95.978,96.205,96.111,96.259,96.095
613.9,96.21,95.772,95.975,96.204,96.107,96.255,96.089
614,96.207,95.766,95.97,96.204,96.103,96.252,96.086
614.1,96.204,95.761,95.964,96.202,96.1,96.249,96.08
614.2,96.201,95.755,95.961,96.199,96.097,96.248,96.075
614.3,96.198,95.749,95.956,96.198,96.094,96.248,96.072
614.4,96.194,95.741,95.952,96.193,96.088,96.245,96.068
614.5,96.191,95.735,95.947,96.19,96.083,96.24,96.063
614.6,96.185,95.729,95.943,96.188,96.08,96.239,96.057
614.7,96.182,95.721,95.938,96.185,96.074,96.234,96.051
614.8,96.181,95.714,95.93,96.182,96.069,96.231,96.045
614.9,96.176,95.706,95.926,96.178,96.063,96.23,96.039
615,96.172,95.697,95.918,96.175,96.056,96.223,96.031
615.1,96.169,95.686,95.911,96.172,96.048,96.219,96.024
615.2,96.162,95.677,95.903,96.17,96.042,96.216,96.016
615.3,96.156,95.667,95.895,96.165,96.034,96.21,96.008
615.4,96.155,95.657,95.886,96.164,96.024,96.204,95.998
615.5,96.15,95.647,95.877,96.161,96.016,96.196,95.988
615.6,96.143,95.633,95.866,96.156,96.008,96.19,95.981
615.7,96.136,95.621,95.857,96.152,96.001,96.181,95.972
615.8,96.132,95.607,95.845,96.146,95.992,96.176,95.963
615.9,96.123,95.592,95.834,96.138,95.981,96.167,95.949
616,96.114,95.578,95.824,96.13,95.969,96.158,95.938
616.1,96.104,95.561,95.813,96.124,95.958,96.149,95.926
616.2,96.095,95.546,95.801,96.117,95.944,96.138,95.914
616.3,96.088,95.531,95.789,96.109,95.932,96.129,95.9
616.4,96.08,95.515,95.779,96.101,95.92,96.12,95.886
616.5,96.071,95.499,95.764,96.095,95.906,96.111,95.872
616.6,96.063,95.485,95.75,96.088,95.894,96.101,95.859
616.7,96.056,95.468,95.737,96.078,95.88,96.094,95.844
616.8,96.045,95.45,95.723,96.069,95.868,96.086,95.831
616.9,96.034,95.433,95.708,96.063,95.856,96.077,95.816
617,96.025,95.416,95.694,96.056,95.844,96.068,95.805
617.1,96.017,95.399,95.682,96.048,95.827,96.059,95.792
617.2,96.007,95.38,95.668,96.037,95.815,96.048,95.776
617.3,95.998,95.36,95.653,96.028,95.802,96.04,95.764
617.4,95.987,95.341,95.639,96.021,95.789,96.031,95.749
617.5,95.978,95.323,95.622,96.01,95.775,96.021,95.732
617.6,95.969,95.303,95.607,96.002,95.763,96.01,95.72
617.7,95.959,95.282,95.593,95.995,95.747,96.001,95.705
617.8,95.952,95.261,95.575,95.987,95.732,95.993,95.688
617.9,95.941,95.241,95.56,95.978,95.72,95.985,95.671
618,95.929,95.221,95.546,95.972,95.706,95.976,95.656
618.1,95.918,95.201,95.529,95.964,95.689,95.966,95.639
618.2,95.906,95.178,95.514,95.953,95.676,95.955,95.622
618.3,95.894,95.155,95.497,95.946,95.66,95.946,95.605
618.4,95.88,95.132,95.48,95.937,95.645,95.94,95.587
618.5,95.869,95.111,95.464,95.93,95.633,95.929,95.57
618.6,95.857,95.088,95.444,95.921,95.619,95.921,95.554
618.7,95.845,95.064,95.427,95.914,95.602,95.912,95.534
618.8,95.834,95.041,95.412,95.905,95.589,95.903,95.512
618.9,95.821,95.016,95.395,95.895,95.57,95.892,95.491
619,95.81,94.991,95.378,95.888,95.554,95.882,95.473
619.1,95.798,94.966,95.36,95.88,95.535,95.872,95.456
619.2,95.786,94.94,95.338,95.871,95.518,95.865,95.436
619.3,95.772,94.916,95.316,95.863,95.5,95.856,95.418
619.4,95.758,94.891,95.294,95.853,95.483,95.847,95.396
619.5,95.743,94.862,95.273,95.842,95.465,95.834,95.375
619.6,95.729,94.835,95.248,95.831,95.447,95.822,95.352
619.7,95.714,94.803,95.226,95.821,95.427,95.81,95.329
619.8,95.699,94.771,95.2,95.807,95.41,95.796,95.305
619.9,95.68,94.74,95.177,95.795,95.39,95.782,95.282
620,95.665,94.707,95.154,95.782,95.367,95.767,95.258
620.1,95.648,94.672,95.128,95.767,95.343,95.753,95.23
620.2,95.631,94.635,95.1,95.753,95.32,95.738,95.201
620.3,95.613,94.597,95.074,95.741,95.297,95.723,95.174
620.4,95.593,94.557,95.045,95.726,95.274,95.708,95.146
620.5,95.575,94.514,95.015,95.712,95.245,95.692,95.117
620.6,95.555,94.469,94.983,95.697,95.218,95.677,95.087
620.7,95.534,94.42,94.951,95.679,95.189,95.659,95.056
620.8,95.511,94.366,94.917,95.66,95.158,95.644,95.023
620.9,95.488,94.31,94.882,95.641,95.128,95.624,94.987
621,95.462,94.25,94.847,95.622,95.096,95.604,94.954
621.1,95.436,94.182,94.807,95.602,95.059,95.583,94.913
621.2,95.412,94.109,94.763,95.581,95.023,95.561,94.87
621.3,95.384,94.026,94.719,95.56,94.984,95.538,94.824
621.4,95.358,93.935,94.672,95.537,94.945,95.517,94.774
621.5,95.329,93.835,94.618,95.512,94.897,95.494,94.719
621.6,95.299,93.723,94.563,95.486,94.847,95.467,94.658
621.7,95.267,93.597,94.501,95.457,94.791,95.442,94.589
621.8,95.23,93.462,94.434,95.428,94.733,95.41,94.518
621.9,95.192,93.311,94.357,95.396,94.667,95.383,94.435
622,95.151,93.143,94.269,95.364,94.592,95.352,94.344
622.1,95.107,92.957,94.174,95.329,94.511,95.323,94.241
622.2,95.059,92.755,94.067,95.291,94.421,95.288,94.127
622.3,95.003,92.532,93.948,95.251,94.322,95.253,93.993
622.4,94.942,92.291,93.819,95.207,94.211,95.215,93.849
622.5,94.875,92.027,93.675,95.161,94.084,95.174,93.69
622.6,94.798,91.74,93.517,95.111,93.945,95.126,93.515
622.7,94.713,91.431,93.341,95.053,93.793,95.079,93.32
622.8,94.618,91.093,93.149,94.989,93.622,95.026,93.108
622.9,94.511,90.732,92.937,94.919,93.433,94.969,92.874
623,94.391,90.344,92.705,94.838,93.222,94.904,92.618
623.1,94.257,89.926,92.448,94.748,92.993,94.83,92.34
623.2,94.106,89.481,92.171,94.644,92.743,94.746,92.036
623.3,93.936,89.005,91.869,94.53,92.473,94.652,91.71
623.4,93.752,88.495,91.544,94.402,92.18,94.547,91.357
623.5,93.547,87.955,91.194,94.258,91.858,94.427,90.977
623.6,93.327,87.383,90.816,94.101,91.51,94.295,90.569
623.7,93.083,86.775,90.41,93.929,91.138,94.148,90.129
623.8,92.816,86.131,89.977,93.736,90.739,93.985,89.662
623.9,92.526,85.455,89.511,93.527,90.311,93.806,89.162
624,92.212,84.743,89.018,93.3,89.853,93.608,88.629
624.1,91.872,83.99,88.49,93.051,89.363,93.391,88.062
624.2,91.505,83.2,87.926,92.778,88.84,93.153,87.46
624.3,91.112,82.375,87.329,92.482,88.286,92.892,86.826
624.4,90.686,81.506,86.696,92.157,87.694,92.61,86.153
624.5,90.228,80.602,86.026,91.806,87.065,92.3,85.44
624.6,89.737,79.657,85.318,91.429,86.403,91.966,84.689
624.7,89.215,78.673,84.57,91.023,85.703,91.602,83.899
624.8,88.658,77.649,83.786,90.584,84.962,91.209,83.07
624.9,88.065,76.59,82.964,90.115,84.186,90.787,82.204
625,87.436,75.487,82.098,89.613,83.366,90.335,81.296
625.1,86.768,74.347,81.197,89.078,82.51,89.853,80.348
625.2,86.061,73.17,80.255,88.506,81.615,89.336,79.359
625.3,85.316,71.956,79.274,87.9,80.679,88.78,78.333
625.4,84.532,70.705,78.253,87.256,79.701,88.194,77.266
625.5,83.711,69.417,77.194,86.574,78.682,87.572,76.161
625.6,82.854,68.097,76.094,85.857,77.625,86.908,75.018
625.7,81.953,66.747,74.957,85.098,76.53,86.211,73.836
625.8,81.01,65.364,73.782,84.303,75.397,85.477,72.615
625.9,80.028,63.957,72.568,83.469,74.228,84.7,71.359
626,79.005,62.524,71.32,82.596,73.018,83.884,70.07
626.1,77.945,61.066,70.038,81.68,71.771,83.029,68.745
626.2,76.846,59.586,68.719,80.728,70.493,82.133,67.393
626.3,75.713,58.089,67.372,79.736,69.177,81.203,66.01
626.4,74.541,56.573,65.994,78.709,67.831,80.234,64.598
626.5,73.331,55.045,64.589,77.641,66.455,79.225,63.159
626.6,72.084,53.505,63.156,76.538,65.048,78.178,61.696
626.7,70.802,51.952,61.699,75.392,63.615,77.089,60.208
626.8,69.484,50.391,60.219,74.21,62.157,75.963,58.702
626.9,68.132,48.824,58.719,72.989,60.674,74.796,57.176
627,66.751,47.255,57.201,71.732,59.171,73.593,55.635
627.1,65.337,45.68,55.664,70.438,57.649,72.35,54.079
627.2,63.893,44.112,54.114,69.109,56.11,71.069,52.513
627.3,62.424,42.546,52.553,67.744,54.555,69.753,50.938
627.4,60.93,40.987,50.984,66.348,52.989,68.402,49.355
627.5,59.415,39.435,49.408,64.922,51.414,67.02,47.771
627.6,57.886,37.895,47.829,63.474,49.832,65.608,46.182
627.7,56.337,36.371,46.246,61.996,48.248,64.171,44.597
627.8,54.778,34.863,44.67,60.5,46.661,62.704,43.018
627.9,53.206,33.376,43.097,58.983,45.074,61.217,41.447
628,51.627,31.911,41.531,57.449,43.495,59.708,39.885
628.1,50.043,30.466,39.972,55.899,41.919,58.182,38.335
628.2,48.453,29.05,38.426,54.337,40.352,56.641,36.797
628.3,46.866,27.663,36.893,52.765,38.797,55.083,35.277
628.4,45.277,26.305,35.378,51.187,37.254,53.513,33.777
628.5,43.692,24.979,33.879,49.603,35.727,51.936,32.297
628.6,42.113,23.689,32.404,48.015,34.221,50.351,30.84
628.7,40.544,22.432,30.951,46.429,32.735,48.763,29.411
628.8,38.982,21.21,29.523,44.844,31.271,47.174,28.009
628.9,37.434,20.024,28.123,43.259,29.834,45.583,26.637
629,35.904,18.875,26.753,41.681,28.421,43.994,25.298
629.1,34.392,17.764,25.414,40.114,27.034,42.413,23.99
629.2,32.899,16.692,24.107,38.557,25.684,40.84,22.717
629.3,31.429,15.66,22.833,37.015,24.364,39.275,21.478
629.4,29.98,14.664,21.594,35.487,23.077,37.724,20.276
629.5,28.558,13.707,20.393,33.978,21.826,36.183,19.109
629.6,27.167,12.788,19.226,32.489,20.612,34.659,17.981
629.7,25.807,11.911,18.098,31.021,19.432,33.157,16.891
629.8,24.477,11.07,17.009,29.579,18.291,31.676,15.84
629.9,23.183,10.272,15.956,28.165,17.189,30.22,14.828
630,21.922,9.512,14.944,26.779,16.125,28.79,13.857
630.1,20.699,8.792,13.971,25.424,15.102,27.388,12.924
630.2,19.513,8.11,13.037,24.101,14.117,26.016,12.032
630.3,18.369,7.466,12.144,22.815,13.171,24.678,11.18
630.4,17.262,6.86,11.292,21.564,12.268,23.376,10.368
630.5,16.196,6.291,10.478,20.352,11.404,22.108,9.598
630.6,15.169,5.757,9.706,19.18,10.582,20.879,8.867
630.7,14.183,5.26,8.974,18.047,9.798,19.688,8.174
630.8,13.234,4.794,8.281,16.949,9.055,18.532,7.521
630.9,12.328,4.361,7.628,15.894,8.35,17.416,6.908
631,11.461,3.96,7.01,14.876,7.683,16.342,6.329
631.1,10.635,3.586,6.429,13.898,7.056,15.306,5.786
631.2,9.85,3.241,5.882,12.962,6.467,14.31,5.28
631.3,9.102,2.927,5.374,12.065,5.913,13.353,4.805
631.4,8.395,2.637,4.898,11.211,5.394,12.437,4.364
631.5,7.726,2.371,4.456,10.396,4.909,11.56,3.955
631.6,7.097,2.13,4.045,9.619,4.457,10.725,3.577
631.7,6.505,1.912,3.665,8.882,4.039,9.93,3.227
631.8,5.949,1.715,3.313,8.186,3.651,9.177,2.907
631.9,5.428,1.538,2.988,7.529,3.293,8.459,2.611
632,4.942,1.379,2.692,6.909,2.962,7.784,2.341
632.1,4.491,1.239,2.42,6.329,2.66,7.146,2.095
632.2,4.071,1.114,2.173,5.785,2.382,6.546,1.874
632.3,3.683,1.004,1.95,5.275,2.13,5.983,1.674
632.4,3.325,0.908,1.747,4.799,1.901,5.458,1.494
632.5,2.995,0.824,1.564,4.356,1.695,4.967,1.334
632.6,2.693,0.751,1.402,3.947,1.509,4.509,1.19
632.7,2.417,0.688,1.257,3.568,1.343,4.085,1.064
632.8,2.164,0.635,1.129,3.218,1.195,3.69,0.952
632.9,1.935,0.587,1.016,2.895,1.064,3.326,0.854
633,1.729,0.548,0.916,2.6,0.949,2.991,0.771
633.1,1.543,0.513,0.829,2.33,0.848,2.684,0.697
633.2,1.378,0.482,0.754,2.086,0.76,2.403,0.635
633.3,1.231,0.455,0.69,1.865,0.684,2.148,0.58
633.4,1.1,0.43,0.633,1.666,0.618,1.918,0.534
633.5,0.986,0.409,0.586,1.488,0.563,1.709,0.494
633.6,0.885,0.389,0.545,1.328,0.514,1.52,0.459
633.7,0.798,0.371,0.508,1.186,0.473,1.353,0.43
633.8,0.723,0.354,0.478,1.06,0.438,1.204,0.403
633.9,0.658,0.337,0.45,0.951,0.407,1.073,0.38
634,0.603,0.322,0.426,0.856,0.38,0.957,0.36
634.1,0.555,0.308,0.403,0.772,0.357,0.854,0.34
634.2,0.514,0.294,0.383,0.7,0.336,0.766,0.323
634.3,0.479,0.281,0.365,0.638,0.317,0.69,0.307
634.4,0.449,0.269,0.348,0.584,0.299,0.624,0.291
634.5,0.421,0.258,0.331,0.54,0.284,0.568,0.278
634.6,0.398,0.246,0.316,0.5,0.269,0.52,0.264
634.7,0.377,0.235,0.301,0.467,0.255,0.479,0.252
634.8,0.357,0.226,0.287,0.438,0.241,0.444,0.24
634.9,0.34,0.215,0.275,0.412,0.229,0.414,0.229
635,0.323,0.206,0.262,0.389,0.218,0.388,0.218
635.1,0.308,0.197,0.25,0.368,0.206,0.363,0.208
635.2,0.293,0.189,0.24,0.349,0.195,0.342,0.197
635.3,0.279,0.182,0.227,0.331,0.186,0.323,0.188
635.4,0.266,0.174,0.218,0.316,0.175,0.307,0.179
635.5,0.253,0.166,0.208,0.299,0.166,0.29,0.171
635.6,0.243,0.159,0.198,0.285,0.159,0.275,0.162
635.7,0.23,0.153,0.191,0.272,0.15,0.261,0.154
635.8,0.22,0.146,0.182,0.258,0.142,0.249,0.146
635.9,0.211,0.14,0.174,0.246,0.134,0.235,0.14
636,0.201,0.134,0.166,0.235,0.128,0.224,0.133
636.1,0.191,0.128,0.159,0.223,0.121,0.212,0.127
636.2,0.183,0.124,0.151,0.212,0.114,0.201,0.121
636.3,0.174,0.119,0.145,0.203,0.108,0.192,0.114
636.4,0.166,0.114,0.139,0.192,0.102,0.182,0.11
636.5,0.159,0.11,0.133,0.183,0.098,0.172,0.104
636.6,0.151,0.105,0.127,0.175,0.092,0.163,0.099
636.7,0.145,0.101,0.121,0.166,0.087,0.156,0.095
636.8,0.137,0.098,0.116,0.159,0.082,0.148,0.09
636.9,0.131,0.093,0.111,0.151,0.078,0.14,0.085
637,0.125,0.09,0.107,0.143,0.073,0.133,0.082
637.1,0.121,0.087,0.102,0.137,0.069,0.127,0.078
637.2,0.114,0.084,0.098,0.13,0.066,0.119,0.075
637.3,0.11,0.081,0.093,0.124,0.061,0.113,0.07
637.4,0.105,0.078,0.09,0.117,0.058,0.107,0.067
637.5,0.101,0.075,0.085,0.113,0.055,0.102,0.064
637.6,0.096,0.072,0.082,0.107,0.052,0.096,0.061
637.7,0.092,0.07,0.079,0.102,0.049,0.092,0.058
637.8,0.087,0.067,0.076,0.098,0.046,0.087,0.056
637.9,0.084,0.066,0.073,0.093,0.044,0.082,0.053
638,0.079,0.063,0.07,0.089,0.041,0.078,0.05
638.1,0.076,0.061,0.067,0.084,0.04,0.075,0.049
638.2,0.073,0.06,0.066,0.079,0.037,0.07,0.046
638.3,0.07,0.058,0.063,0.076,0.035,0.067,0.044
638.4,0.067,0.055,0.06,0.072,0.032,0.063,0.043
638.5,0.064,0.053,0.058,0.069,0.031,0.06,0.041
638.6,0.061,0.052,0.056,0.066,0.029,0.056,0.04
638.7,0.06,0.05,0.053,0.063,0.027,0.053,0.038
638.8,0.056,0.049,0.052,0.06,0.026,0.05,0.037
638.9,0.055,0.047,0.05,0.058,0.024,0.049,0.035
639,0.052,0.046,0.049,0.055,0.023,0.046,0.034
639.1,0.05,0.046,0.047,0.052,0.021,0.044,0.032
639.2,0.049,0.044,0.046,0.05,0.021,0.041,0.031
639.3,0.046,0.043,0.044,0.047,0.02,0.04,0.029
639.4,0.044,0.041,0.043,0.046,0.018,0.037,0.029
639.5,0.043,0.041,0.041,0.044,0.017,0.035,0.027
639.6,0.041,0.04,0.04,0.041,0.017,0.034,0.026
639.7,0.04,0.038,0.04,0.04,0.015,0.032,0.026
639.8,0.038,0.038,0.038,0.038,0.015,0.031,0.024
639.9,0.037,0.037,0.037,0.037,0.014,0.029,0.023
640,0.037,0.037,0.035,0.035,0.014,0.027,0.023
640.1,0.035,0.035,0.035,0.034,0.012,0.026,0.021
640.2,0.034,0.035,0.034,0.032,0.012,0.024,0.021
640.3,0.034,0.034,0.032,0.032,0.012,0.024,0.02
640.4,0.032,0.034,0.032,0.031,0.011,0.023,0.02
640.5,0.031,0.032,0.031,0.029,0.011,0.021,0.018
640.6,0.029,0.032,0.031,0.027,0.009,0.021,0.018
640.7,0.029,0.031,0.029,0.027,0.009,0.02,0.018
640.8,0.027,0.031,0.029,0.026,0.009,0.02,0.017
640.9,0.027,0.029,0.027,0.024,0.008,0.018,0.017
641,0.026,0.029,0.027,0.024,0.008,0.018,0.017
641.1,0.026,0.029,0.026,0.023,0.008,0.017,0.017
641.2,0.024,0.027,0.026,0.023,0.008,0.017,0.015
641.3,0.024,0.027,0.026,0.021,0.006,0.015,0.015
641.4,0.024,0.027,0.024,0.021,0.006,0.015,0.015
641.5,0.023,0.026,0.024,0.02,0.006,0.015,0.015
641.6,0.023,0.026,0.023,0.02,0.006,0.014,0.014
641.7,0.023,0.026,0.023,0.02,0.006,0.014,0.014
641.8,0.021,0.024,0.023,0.018,0.005,0.012,0.014
641.9,0.021,0.024,0.023,0.018,0.005,0.012,0.014
642,0.021,0.024,0.021,0.017,0.005,0.012,0.012
642.1,0.02,0.024,0.021,0.017,0.005,0.012,0.012
642.2,0.02,0.023,0.021,0.017,0.005,0.011,0.012
642.3,0.02,0.023,0.021,0.015,0.005,0.011,0.012
642.4,0.018,0.023,0.02,0.015,0.005,0.011,0.012
642.5,0.018,0.023,0.02,0.015,0.005,0.011,0.011
642.6,0.018,0.021,0.02,0.015,0.003,0.011,0.011
642.7,0.018,0.021,0.018,0.014,0.003,0.011,0.011
642.8,0.017,0.021,0.018,0.014,0.003,0.009,0.011
642.9,0.017,0.021,0.018,0.014,0.003,0.009,0.011
643,0.017,0.021,0.017,0.014,0.003,0.009,0.011
643.1,0.015,0.02,0.017,0.012,0.003,0.009,0.011
643.2,0.015,0.02,0.017,0.012,0.003,0.009,0.011
643.3,0.015,0.02,0.017,0.012,0.003,0.009,0.009
643.4,0.015,0.02,0.017,0.012,0.002,0.009,0.009
643.5,0.015,0.02,0.015,0.012,0.002,0.009,0.009
643.6,0.014,0.018,0.015,0.011,0.002,0.008,0.009
643.7,0.014,0.018,0.015,0.011,0.002,0.008,0.009
643.8,0.014,0.018,0.015,0.011,0.002,0.008,0.009
643.9,0.014,0.018,0.015,0.011,0.002,0.008,0.009
644,0.014,0.018,0.014,0.011,0.002,0.008,0.009
644.1,0.014,0.017,0.014,0.011,0.002,0.008,0.009
644.2,0.014,0.017,0.014,0.011,0.002,0.006,0.009
644.3,0.012,0.017,0.014,0.011,0.002,0.006,0.008
644.4,0.012,0.017,0.014,0.009,0.002,0.006,0.008
644.5,0.012,0.017,0.014,0.009,0.002,0.006,0.008
644.6,0.012,0.015,0.014,0.009,0.002,0.006,0.008
644.7,0.012,0.015,0.014,0.009,0.002,0.006,0.008
644.8,0.012,0.015,0.012,0.009,0.002,0.006,0.008
644.9,0.011,0.015,0.012,0.009,0.002,0.006,0.008
645,0.011,0.015,0.012,0.009,0,0.005,0.008
645.1,0.011,0.015,0.012,0.009,0,0.005,0.008
645.2,0.011,0.015,0.012,0.009,0,0.005,0.008
645.3,0.011,0.015,0.011,0.009,0,0.005,0.006
645.4,0.011,0.014,0.011,0.008,0,0.005,0.006
645.5,0.011,0.014,0.011,0.008,0,0.005,0.006
645.6,0.011,0.014,0.011,0.008,0,0.005,0.006
645.7,0.011,0.014,0.011,0.008,0,0.005,0.006
645.8,0.011,0.014,0.011,0.008,0,0.003,0.006
645.9,0.011,0.014,0.011,0.008,0,0.003,0.006
646,0.011,0.014,0.011,0.008,0,0.003,0.006
646.1,0.009,0.012,0.011,0.008,0,0.003,0.005
646.2,0.009,0.012,0.011,0.008,0,0.003,0.005
646.3,0.009,0.012,0.011,0.008,0,0.003,0.005
646.4,0.009,0.012,0.011,0.008,0,0.003,0.005
646.5,0.009,0.012,0.011,0.008,0,0.003,0.005
646.6,0.009,0.012,0.009,0.008,0,0.003,0.005
646.7,0.009,0.011,0.009,0.006,0,0.003,0.005
646.8,0.009,0.011,0.009,0.006,0,0.003,0.005
646.9,0.009,0.011,0.009,0.006,0,0.003,0.003
647,0.009,0.011,0.009,0.006,0,0.003,0.003
647.1,0.009,0.011,0.009,0.006,0,0.003,0.003
647.2,0.009,0.011,0.009,0.006,0,0.003,0.003
647.3,0.009,0.011,0.009,0.006,0,0.003,0.003
647.4,0.009,0.011,0.009,0.006,0,0.003,0.003
647.5,0.009,0.011,0.009,0.005,0,0.003,0.003
647.6,0.009,0.011,0.009,0.005,0,0.003,0.003
647.7,0.009,0.011,0.009,0.005,0,0.003,0.003
647.8,0.009,0.011,0.009,0.005,0,0.003,0.003
647.9,0.009,0.011,0.009,0.005,0,0.003,0.003
648,0.009,0.009,0.009,0.005,0,0.003,0.003
648.1,0.009,0.009,0.009,0.005,0,0.003,0.003
648.2,0.008,0.009,0.009,0.005,0,0.002,0.003
648.3,0.008,0.009,0.009,0.005,0,0.002,0.003
648.4,0.008,0.009,0.008,0.005,0,0.002,0.003
648.5,0.008,0.009,0.008,0.003,0,0.002,0.003
648.6,0.008,0.009,0.008,0.003,0,0.002,0.003
648.7,0.008,0.009,0.008,0.003,0,0.002,0.003
648.8,0.008,0.009,0.008,0.003,0,0.002,0.003
648.9,0.008,0.009,0.008,0.003,0,0.002,0.003
649,0.008,0.009,0.008,0.003,0,0.002,0.003
649.1,0.008,0.009,0.008,0.003,0,0.002,0.003
649.2,0.008,0.009,0.008,0.003,0,0.002,0.002
649.3,0.006,0.009,0.008,0.003,0,0.002,0.002
649.4,0.006,0.009,0.008,0.003,0,0.002,0.002
649.5,0.006,0.009,0.008,0.003,0,0.002,0.002
649.6,0.006,0.009,0.008,0.003,-0.002,0.002,0.002
649.7,0.006,0.009,0.006,0.003,-0.002,0.002,0.002
649.8,0.006,0.009,0.006,0.003,-0.002,0.002,0.002
649.9,0.006,0.009,0.006,0.003,-0.002,0.002,0.002
650,0.006,0.009,0.006,0.003,-0.002,0.002,0.002
650.1,0.006,0.009,0.006,0.003,-0.002,0.002,0.002
650.2,0.005,0.009,0.006,0.003,-0.002,0.002,0.002
650.3,0.005,0.009,0.006,0.003,-0.002,0.002,0.002
650.4,0.005,0.008,0.006,0.003,-0.002,0.002,0.002
650.5,0.005,0.008,0.006,0.003,-0.002,0.002,0.002
650.6,0.005,0.008,0.005,0.002,-0.002,0.002,0.002
650.7,0.005,0.008,0.005,0.002,-0.002,0.002,0.002
650.8,0.005,0.008,0.005,0.002,-0.002,0.002,0.002
650.9,0.005,0.008,0.005,0.002,-0.002,0.002,0.002
651,0.005,0.008,0.005,0.002,-0.002,0.002,0.002
651.1,0.003,0.008,0.005,0.002,-0.002,0.002,0.002
651.2,0.003,0.008,0.005,0.002,-0.002,0.002,0.002
651.3,0.003,0.008,0.005,0.002,-0.002,0.002,0
651.4,0.003,0.008,0.005,0.002,-0.002,0.002,0
651.5,0.003,0.008,0.003,0.002,-0.002,0,0
651.6,0.003,0.008,0.003,0.002,-0.002,0,0
651.7,0.003,0.008,0.003,0.002,-0.002,0,0
651.8,0.003,0.008,0.003,0.002,-0.002,0,0
651.9,0.003,0.008,0.003,0.002,-0.002,0,0
652,0.003,0.008,0.003,0.002,-0.002,0,0
652.1,0.003,0.008,0.003,0.002,-0.002,0,0
652.2,0.003,0.008,0.003,0.002,-0.002,0,0
652.3,0.003,0.008,0.003,0.002,-0.002,0,0
652.4,0.003,0.008,0.003,0.002,-0.002,0,0
652.5,0.003,0.008,0.003,0.002,-0.002,0,0
652.6,0.003,0.008,0.003,0.002,-0.002,0,0
652.7,0.003,0.008,0.003,0.002,-0.002,0,0
652.8,0.003,0.008,0.003,0.002,-0.002,0,0
652.9,0.003,0.008,0.003,0.002,-0.002,0,0
653,0.003,0.008,0.003,0.002,-0.002,0,0
