500,0.285,0.226,0.27,0.276,0.223,0.264,0.192,0.22,0.333
500.05,0.29,0.23,0.275,0.281,0.226,0.267,0.195,0.223,0.337
500.1,0.296,0.235,0.279,0.287,0.23,0.272,0.2,0.226,0.343
500.15,0.301,0.238,0.284,0.291,0.233,0.276,0.203,0.23,0.348
500.2,0.308,0.243,0.29,0.298,0.238,0.282,0.206,0.235,0.356
500.25,0.316,0.249,0.296,0.304,0.243,0.287,0.211,0.24,0.363
500.3,0.323,0.255,0.302,0.311,0.249,0.294,0.217,0.244,0.371
500.35,0.333,0.261,0.31,0.319,0.255,0.302,0.221,0.25,0.38
500.4,0.342,0.269,0.317,0.328,0.261,0.308,0.227,0.255,0.391
500.45,0.351,0.275,0.327,0.337,0.269,0.317,0.232,0.262,0.401
500.5,0.36,0.282,0.334,0.345,0.275,0.325,0.238,0.269,0.41
500.55,0.371,0.29,0.343,0.354,0.282,0.333,0.244,0.276,0.423
500.6,0.38,0.298,0.352,0.363,0.29,0.342,0.25,0.282,0.435
500.65,0.391,0.305,0.36,0.374,0.298,0.351,0.256,0.29,0.447
500.7,0.401,0.313,0.371,0.383,0.305,0.362,0.264,0.298,0.459
500.75,0.412,0.322,0.38,0.394,0.314,0.371,0.27,0.304,0.471
500.8,0.423,0.33,0.391,0.404,0.323,0.38,0.276,0.313,0.484
500.85,0.436,0.339,0.401,0.415,0.333,0.391,0.284,0.32,0.497
500.9,0.449,0.348,0.41,0.426,0.342,0.4,0.291,0.33,0.511
500.95,0.461,0.357,0.423,0.438,0.349,0.41,0.299,0.339,0.525
501,0.473,0.366,0.433,0.45,0.359,0.423,0.307,0.346,0.542
501.05,0.485,0.377,0.446,0.462,0.369,0.433,0.314,0.356,0.557
501.1,0.499,0.388,0.458,0.475,0.378,0.446,0.323,0.365,0.572
501.15,0.513,0.397,0.47,0.487,0.389,0.456,0.331,0.374,0.589
501.2,0.526,0.407,0.482,0.5,0.398,0.468,0.34,0.385,0.606
501.25,0.542,0.418,0.496,0.514,0.409,0.482,0.348,0.394,0.623
501.3,0.557,0.43,0.51,0.528,0.42,0.494,0.357,0.404,0.641
501.35,0.572,0.441,0.525,0.542,0.43,0.508,0.366,0.415,0.659
501.4,0.587,0.453,0.539,0.557,0.443,0.522,0.375,0.427,0.676
501.45,0.604,0.465,0.554,0.574,0.455,0.537,0.386,0.438,0.694
501.5,0.623,0.479,0.569,0.587,0.467,0.551,0.395,0.449,0.714
501.55,0.638,0.493,0.586,0.604,0.479,0.566,0.406,0.462,0.734
501.6,0.656,0.505,0.601,0.621,0.491,0.583,0.417,0.475,0.755
501.65,0.673,0.52,0.618,0.638,0.504,0.598,0.427,0.487,0.775
501.7,0.691,0.536,0.635,0.655,0.517,0.615,0.439,0.5,0.797
501.75,0.711,0.551,0.653,0.673,0.531,0.633,0.45,0.514,0.818
501.8,0.731,0.566,0.671,0.693,0.545,0.65,0.462,0.528,0.841
501.85,0.749,0.581,0.69,0.711,0.562,0.668,0.475,0.543,0.864
501.9,0.768,0.598,0.708,0.731,0.577,0.685,0.488,0.558,0.887
501.95,0.787,0.616,0.728,0.751,0.594,0.705,0.502,0.574,0.909
502,0.809,0.633,0.748,0.771,0.61,0.725,0.516,0.591,0.934
502.05,0.83,0.652,0.769,0.792,0.627,0.746,0.531,0.606,0.958
502.1,0.851,0.67,0.789,0.813,0.645,0.768,0.545,0.624,0.983
502.15,0.873,0.688,0.81,0.835,0.664,0.789,0.562,0.641,1.009
502.2,0.896,0.708,0.83,0.856,0.682,0.81,0.577,0.659,1.035
502.25,0.919,0.728,0.853,0.877,0.7,0.833,0.594,0.679,1.062
502.3,0.94,0.748,0.874,0.902,0.72,0.856,0.61,0.699,1.088
502.35,0.964,0.768,0.897,0.925,0.74,0.88,0.629,0.719,1.115
502.4,0.989,0.789,0.92,0.948,0.76,0.903,0.645,0.739,1.141
502.45,1.012,0.81,0.945,0.97,0.78,0.928,0.664,0.76,1.169
502.5,1.035,0.832,0.966,0.993,0.801,0.952,0.682,0.78,1.198
502.55,1.059,0.853,0.99,1.018,0.824,0.978,0.702,0.803,1.227
502.6,1.083,0.874,1.015,1.042,0.845,1.003,0.722,0.826,1.254
502.65,1.108,0.897,1.039,1.065,0.867,1.028,0.743,0.848,1.283
502.7,1.132,0.92,1.062,1.089,0.888,1.056,0.763,0.871,1.312
502.75,1.157,0.943,1.086,1.115,0.911,1.082,0.784,0.894,1.34
502.8,1.181,0.967,1.111,1.14,0.934,1.109,0.806,0.919,1.37
502.85,1.205,0.99,1.134,1.166,0.957,1.137,0.827,0.945,1.399
502.9,1.23,1.015,1.16,1.192,0.98,1.164,0.85,0.969,1.428
502.95,1.254,1.039,1.186,1.216,1.004,1.192,0.873,0.995,1.457
503,1.279,1.064,1.212,1.242,1.027,1.221,0.897,1.021,1.485
503.05,1.303,1.088,1.236,1.266,1.05,1.247,0.92,1.045,1.514
503.1,1.326,1.112,1.26,1.291,1.074,1.276,0.945,1.071,1.544
503.15,1.35,1.138,1.286,1.317,1.099,1.303,0.969,1.097,1.573
503.2,1.373,1.163,1.311,1.341,1.123,1.334,0.995,1.125,1.602
503.25,1.398,1.187,1.335,1.366,1.147,1.363,1.019,1.151,1.63
503.3,1.421,1.213,1.36,1.39,1.172,1.392,1.045,1.18,1.659
503.35,1.443,1.239,1.384,1.416,1.196,1.421,1.071,1.208,1.686
503.4,1.466,1.265,1.41,1.44,1.222,1.451,1.099,1.236,1.715
503.45,1.489,1.289,1.434,1.466,1.247,1.482,1.126,1.263,1.743
503.5,1.514,1.315,1.459,1.491,1.273,1.511,1.152,1.292,1.772
503.55,1.537,1.341,1.485,1.515,1.295,1.54,1.181,1.32,1.801
503.6,1.559,1.366,1.509,1.538,1.32,1.57,1.208,1.349,1.828
503.65,1.582,1.39,1.535,1.563,1.346,1.599,1.237,1.376,1.855
503.7,1.605,1.414,1.558,1.588,1.37,1.63,1.265,1.404,1.883
503.75,1.628,1.44,1.582,1.613,1.396,1.659,1.294,1.434,1.912
503.8,1.649,1.465,1.605,1.637,1.422,1.688,1.323,1.463,1.941
503.85,1.672,1.489,1.63,1.66,1.447,1.718,1.352,1.494,1.97
503.9,1.695,1.514,1.654,1.685,1.471,1.746,1.381,1.524,1.996
503.95,1.72,1.538,1.677,1.707,1.497,1.776,1.411,1.553,2.025
504,1.743,1.563,1.703,1.732,1.521,1.805,1.44,1.582,2.052
504.05,1.765,1.587,1.727,1.756,1.547,1.834,1.469,1.613,2.081
504.1,1.788,1.611,1.753,1.781,1.572,1.863,1.5,1.642,2.11
504.15,1.813,1.636,1.778,1.805,1.596,1.892,1.529,1.669,2.141
504.2,1.839,1.66,1.801,1.83,1.62,1.921,1.558,1.698,2.17
504.25,1.863,1.683,1.825,1.852,1.645,1.95,1.588,1.727,2.2
504.3,1.889,1.707,1.851,1.878,1.669,1.978,1.617,1.756,2.229
504.35,1.913,1.732,1.875,1.904,1.694,2.007,1.646,1.785,2.258
504.4,1.941,1.755,1.901,1.93,1.717,2.036,1.677,1.813,2.29
504.45,1.967,1.779,1.927,1.956,1.741,2.065,1.706,1.84,2.322
504.5,1.994,1.805,1.953,1.982,1.765,2.094,1.735,1.869,2.356
504.55,2.023,1.83,1.981,2.008,1.788,2.124,1.764,1.898,2.39
504.6,2.052,1.854,2.008,2.036,1.811,2.153,1.793,1.926,2.425
504.65,2.083,1.878,2.037,2.065,1.836,2.184,1.822,1.952,2.46
504.7,2.115,1.903,2.065,2.094,1.86,2.216,1.851,1.979,2.496
504.75,2.147,1.927,2.095,2.124,1.884,2.245,1.878,2.005,2.534
504.8,2.18,1.953,2.126,2.156,1.909,2.275,1.907,2.032,2.573
504.85,2.217,1.978,2.156,2.188,1.933,2.307,1.935,2.058,2.615
504.9,2.254,2.005,2.187,2.222,1.961,2.341,1.962,2.086,2.655
504.95,2.292,2.032,2.222,2.255,1.988,2.374,1.993,2.113,2.699
505,2.332,2.061,2.257,2.29,2.016,2.408,2.022,2.142,2.744
505.05,2.373,2.089,2.293,2.327,2.043,2.441,2.051,2.17,2.789
505.1,2.417,2.119,2.33,2.365,2.072,2.478,2.08,2.2,2.84
505.15,2.461,2.15,2.371,2.403,2.101,2.516,2.11,2.229,2.892
505.2,2.509,2.182,2.411,2.444,2.133,2.554,2.138,2.26,2.946
505.25,2.559,2.216,2.454,2.49,2.164,2.596,2.167,2.29,3.001
505.3,2.612,2.249,2.498,2.536,2.196,2.634,2.197,2.322,3.061
505.35,2.667,2.283,2.545,2.586,2.231,2.678,2.226,2.353,3.123
505.4,2.725,2.321,2.594,2.637,2.267,2.722,2.257,2.385,3.189
505.45,2.786,2.362,2.643,2.69,2.306,2.768,2.287,2.42,3.258
505.5,2.852,2.402,2.698,2.748,2.344,2.815,2.319,2.455,3.333
505.55,2.919,2.444,2.753,2.806,2.385,2.866,2.353,2.493,3.409
505.6,2.989,2.492,2.812,2.867,2.426,2.919,2.385,2.533,3.488
505.65,3.064,2.539,2.875,2.933,2.47,2.974,2.419,2.573,3.572
505.7,3.143,2.588,2.94,3.001,2.516,3.029,2.455,2.614,3.661
505.75,3.224,2.638,3.011,3.073,2.563,3.09,2.49,2.66,3.754
505.8,3.311,2.69,3.081,3.148,2.617,3.152,2.527,2.705,3.853
505.85,3.401,2.747,3.157,3.229,2.669,3.218,2.565,2.754,3.958
505.9,3.497,2.808,3.236,3.313,2.725,3.285,2.605,2.805,4.065
505.95,3.598,2.869,3.319,3.401,2.783,3.357,2.646,2.856,4.179
506,3.703,2.934,3.407,3.494,2.844,3.432,2.689,2.911,4.298
506.05,3.815,3.001,3.499,3.589,2.91,3.511,2.736,2.969,4.427
506.1,3.931,3.075,3.595,3.69,2.977,3.595,2.783,3.029,4.558
506.15,4.05,3.151,3.696,3.796,3.047,3.68,2.832,3.09,4.695
506.2,4.176,3.23,3.801,3.908,3.122,3.773,2.885,3.159,4.839
506.25,4.309,3.313,3.911,4.025,3.198,3.87,2.94,3.229,4.988
506.3,4.446,3.4,4.027,4.144,3.281,3.972,2.998,3.302,5.148
506.35,4.59,3.493,4.149,4.272,3.368,4.082,3.058,3.378,5.316
506.4,4.742,3.587,4.276,4.408,3.458,4.195,3.122,3.458,5.492
506.45,4.901,3.69,4.408,4.549,3.552,4.314,3.188,3.542,5.675
506.5,5.064,3.796,4.549,4.697,3.651,4.439,3.258,3.632,5.87
506.55,5.238,3.908,4.694,4.851,3.755,4.568,3.329,3.723,6.071
506.6,5.418,4.024,4.848,5.014,3.865,4.706,3.407,3.822,6.284
506.65,5.609,4.146,5.009,5.182,3.979,4.851,3.49,3.923,6.503
506.7,5.806,4.274,5.177,5.36,4.1,5.002,3.575,4.03,6.735
506.75,6.01,4.41,5.351,5.544,4.227,5.162,3.667,4.144,6.975
506.8,6.226,4.55,5.537,5.734,4.358,5.33,3.76,4.262,7.228
506.85,6.445,4.695,5.73,5.934,4.495,5.502,3.857,4.387,7.489
506.9,6.677,4.849,5.927,6.143,4.637,5.685,3.96,4.517,7.761
506.95,6.92,5.009,6.136,6.361,4.79,5.878,4.07,4.654,8.047
507,7.172,5.174,6.352,6.587,4.947,6.078,4.184,4.797,8.344
507.05,7.431,5.35,6.583,6.821,5.112,6.288,4.301,4.947,8.652
507.1,7.703,5.531,6.821,7.068,5.284,6.508,4.427,5.101,8.968
507.15,7.986,5.722,7.066,7.326,5.464,6.737,4.559,5.264,9.3
507.2,8.278,5.92,7.324,7.593,5.652,6.976,4.694,5.435,9.645
507.25,8.585,6.128,7.594,7.87,5.847,7.227,4.837,5.615,10.007
507.3,8.9,6.343,7.874,8.157,6.052,7.486,4.987,5.801,10.379
507.35,9.232,6.566,8.163,8.458,6.264,7.758,5.144,5.995,10.767
507.4,9.57,6.802,8.464,8.768,6.482,8.041,5.309,6.2,11.169
507.45,9.924,7.043,8.778,9.091,6.711,8.337,5.479,6.413,11.589
507.5,10.294,7.295,9.103,9.425,6.95,8.646,5.658,6.636,12.021
507.55,10.678,7.558,9.444,9.778,7.202,8.966,5.846,6.865,12.474
507.6,11.073,7.832,9.795,10.144,7.462,9.299,6.041,7.106,12.941
507.65,11.487,8.116,10.159,10.519,7.732,9.65,6.248,7.356,13.426
507.7,11.914,8.411,10.539,10.91,8.014,10.011,6.464,7.616,13.93
507.75,12.355,8.716,10.933,11.313,8.308,10.388,6.691,7.889,14.449
507.8,12.814,9.035,11.343,11.734,8.615,10.78,6.923,8.171,14.99
507.85,13.292,9.367,11.765,12.172,8.934,11.183,7.169,8.469,15.552
507.9,13.785,9.709,12.204,12.627,9.264,11.606,7.423,8.778,16.132
507.95,14.293,10.066,12.66,13.098,9.605,12.044,7.689,9.097,16.733
508,14.822,10.437,13.129,13.585,9.962,12.498,7.971,9.431,17.354
508.05,15.372,10.822,13.618,14.09,10.332,12.97,8.263,9.776,17.99
508.1,15.942,11.221,14.124,14.609,10.713,13.46,8.563,10.136,18.646
508.15,16.53,11.635,14.651,15.149,11.111,13.968,8.879,10.512,19.325
508.2,17.142,12.064,15.196,15.71,11.526,14.494,9.206,10.901,20.023
508.25,17.775,12.512,15.755,16.295,11.955,15.041,9.546,11.302,20.747
508.3,18.431,12.978,16.339,16.896,12.398,15.605,9.898,11.72,21.501
508.35,19.11,13.458,16.945,17.519,12.86,16.191,10.268,12.155,22.275
508.4,19.809,13.954,17.57,18.161,13.338,16.797,10.649,12.607,23.071
508.45,20.534,14.473,18.221,18.828,13.835,17.422,11.044,13.074,23.891
508.5,21.277,15.007,18.89,19.516,14.348,18.065,11.455,13.557,24.731
508.55,22.052,15.562,19.58,20.23,14.88,18.736,11.877,14.058,25.6
508.6,22.853,16.136,20.297,20.97,15.433,19.431,12.328,14.583,26.488
508.65,23.677,16.737,21.042,21.735,16.003,20.148,12.788,15.12,27.399
508.7,24.529,17.355,21.806,22.519,16.594,20.885,13.266,15.677,28.343
508.75,25.409,17.993,22.598,23.328,17.21,21.648,13.766,16.258,29.312
508.8,26.317,18.658,23.416,24.164,17.845,22.437,14.281,16.858,30.301
508.85,27.254,19.345,24.261,25.029,18.503,23.248,14.815,17.477,31.313
508.9,28.209,20.055,25.133,25.922,19.188,24.088,15.369,18.115,32.352
508.95,29.198,20.786,26.027,26.836,19.893,24.95,15.942,18.779,33.42
509,30.208,21.542,26.945,27.773,20.624,25.841,16.536,19.463,34.512
509.05,31.244,22.33,27.901,28.735,21.382,26.753,17.159,20.18,35.625
509.1,32.3,23.135,28.876,29.727,22.169,27.695,17.801,20.917,36.76
509.15,33.389,23.972,29.874,30.74,22.978,28.658,18.465,21.674,37.912
509.2,34.496,24.834,30.894,31.784,23.811,29.646,19.15,22.453,39.082
509.25,35.634,25.716,31.943,32.852,24.672,30.658,19.861,23.257,40.277
509.3,36.794,26.628,33.011,33.945,25.558,31.694,20.592,24.097,41.498
509.35,37.97,27.567,34.111,35.056,26.468,32.748,21.344,24.953,42.726
509.4,39.162,28.528,35.231,36.188,27.396,33.821,22.119,25.832,43.97
509.45,40.379,29.512,36.368,37.338,28.362,34.924,22.922,26.736,45.23
509.5,41.612,30.524,37.527,38.518,29.347,36.04,23.75,27.666,46.498
509.55,42.859,31.569,38.712,39.716,30.354,37.181,24.597,28.622,47.778
509.6,44.124,32.623,39.909,40.933,31.393,38.35,25.471,29.594,49.069
509.65,45.401,33.705,41.121,42.165,32.454,39.532,26.37,30.603,50.374
509.7,46.687,34.818,42.354,43.41,33.536,40.732,27.295,31.635,51.683
509.75,47.974,35.948,43.599,44.678,34.639,41.954,28.241,32.684,52.991
509.8,49.266,37.094,44.859,45.947,35.764,43.19,29.211,33.759,54.303
509.85,50.572,38.257,46.132,47.238,36.913,44.441,30.206,34.854,55.615
509.9,51.894,39.449,47.417,48.529,38.081,45.695,31.223,35.971,56.923
509.95,53.207,40.656,48.714,49.837,39.27,46.97,32.269,37.12,58.228
510,54.535,41.884,50.024,51.149,40.479,48.248,33.339,38.289,59.535
510.05,55.852,43.134,51.332,52.461,41.701,49.544,34.433,39.474,60.832
510.1,57.175,44.4,52.658,53.778,42.943,50.848,35.548,40.674,62.114
510.15,58.492,45.668,53.975,55.104,44.211,52.159,36.694,41.895,63.402
510.2,59.802,46.951,55.292,56.429,45.494,53.471,37.852,43.13,64.67
510.25,61.102,48.247,56.624,57.753,46.786,54.787,39.037,44.392,65.933
510.3,62.407,49.554,57.944,59.073,48.088,56.111,40.236,45.665,67.175
510.35,63.695,50.862,59.268,60.388,49.403,57.423,41.464,46.948,68.401
510.4,64.961,52.196,60.579,61.688,50.714,58.731,42.703,48.247,69.617
510.45,66.212,53.531,61.89,62.987,52.039,60.042,43.962,49.561,70.798
510.5,67.456,54.854,63.177,64.267,53.375,61.349,45.238,50.877,71.97
510.55,68.677,56.187,64.455,65.533,54.723,62.642,46.523,52.203,73.12
510.6,69.888,57.521,65.726,66.785,56.052,63.925,47.824,53.534,74.24
510.65,71.068,58.858,66.975,68.028,57.39,65.198,49.135,54.866,75.337
510.7,72.215,60.19,68.205,69.25,58.72,66.469,50.461,56.212,76.401
510.75,73.338,61.51,69.424,70.45,60.054,67.717,51.79,57.549,77.451
510.8,74.44,62.81,70.605,71.623,61.375,68.947,53.125,58.885,78.471
510.85,75.514,64.101,71.777,72.771,62.688,70.163,54.462,60.219,79.456
510.9,76.553,65.382,72.92,73.897,63.989,71.352,55.8,61.543,80.412
510.95,77.574,66.658,74.049,74.997,65.271,72.525,57.141,62.868,81.32
511,78.56,67.918,75.139,76.057,66.545,73.674,58.488,64.183,82.216
511.05,79.512,69.148,76.196,77.103,67.79,74.797,59.827,65.475,83.069
511.1,80.424,70.36,77.242,78.116,69.019,75.897,61.154,66.753,83.897
511.15,81.308,71.548,78.227,79.095,70.232,76.971,62.473,68.019,84.685
511.2,82.166,72.702,79.202,80.046,71.431,78.006,63.783,69.275,85.435
511.25,82.979,73.834,80.141,80.951,72.595,79.013,65.076,70.486,86.166
511.3,83.762,74.937,81.049,81.831,73.73,79.99,66.365,71.687,86.853
511.35,84.515,76.018,81.926,82.683,74.82,80.93,67.635,72.868,87.503
511.4,85.22,77.066,82.762,83.499,75.902,81.836,68.889,74.017,88.126
511.45,85.905,78.084,83.569,84.274,76.944,82.709,70.119,75.136,88.713
511.5,86.554,79.057,84.338,85.011,77.962,83.54,71.326,76.208,89.268
511.55,87.175,80.006,85.074,85.718,78.937,84.341,72.51,77.267,89.786
511.6,87.752,80.925,85.785,86.394,79.88,85.112,73.66,78.299,90.274
511.65,88.301,81.81,86.452,87.042,80.791,85.843,74.785,79.295,90.73
511.7,88.829,82.652,87.08,87.656,81.667,86.545,75.89,80.264,91.161
511.75,89.31,83.461,87.68,88.225,82.5,87.202,76.959,81.192,91.565
511.8,89.774,84.244,88.26,88.774,83.304,87.834,77.992,82.08,91.951
511.85,90.208,84.988,88.792,89.279,84.088,88.42,79.002,82.941,92.3
511.9,90.61,85.692,89.299,89.76,84.828,88.98,79.982,83.766,92.625
511.95,90.988,86.363,89.79,90.21,85.538,89.499,80.923,84.555,92.929
512,91.345,87.006,90.234,90.628,86.208,89.999,81.83,85.31,93.21
512.05,91.676,87.602,90.66,91.04,86.85,90.456,82.707,86.043,93.462
512.1,91.988,88.187,91.058,91.429,87.448,90.886,83.534,86.732,93.697
512.15,92.287,88.739,91.418,91.786,88.037,91.292,84.341,87.379,93.921
512.2,92.566,89.25,91.766,92.113,88.582,91.669,85.107,88.005,94.135
512.25,92.822,89.737,92.084,92.418,89.101,92.024,85.84,88.602,94.322
512.3,93.063,90.195,92.392,92.705,89.583,92.366,86.533,89.18,94.499
512.35,93.288,90.625,92.676,92.963,90.045,92.671,87.198,89.705,94.669
512.4,93.507,91.026,92.934,93.211,90.479,92.964,87.839,90.198,94.82
512.45,93.706,91.397,93.181,93.436,90.88,93.227,88.437,90.663,94.969
512.5,93.884,91.745,93.411,93.652,91.264,93.459,89.001,91.093,95.096
512.55,94.067,92.075,93.626,93.855,91.634,93.683,89.532,91.495,95.221
512.6,94.218,92.38,93.81,94.049,91.963,93.886,90.027,91.876,95.322
512.65,94.376,92.667,93.993,94.228,92.273,94.081,90.485,92.23,95.427
512.7,94.519,92.943,94.15,94.383,92.564,94.252,90.93,92.561,95.522
512.75,94.658,93.187,94.298,94.533,92.828,94.421,91.342,92.87,95.612
512.8,94.785,93.419,94.447,94.693,93.079,94.571,91.728,93.15,95.694
512.85,94.907,93.637,94.579,94.821,93.297,94.719,92.084,93.41,95.773
512.9,95.026,93.834,94.714,94.93,93.518,94.855,92.419,93.652,95.854
512.95,95.122,94.009,94.846,95.029,93.713,94.978,92.717,93.886,95.908
513,95.232,94.193,94.957,95.14,93.906,95.09,92.995,94.104,95.958
513.05,95.332,94.337,95.064,95.235,94.072,95.187,93.262,94.298,96.01
513.1,95.418,94.487,95.164,95.329,94.232,95.274,93.513,94.463,96.068
513.15,95.497,94.621,95.248,95.419,94.376,95.364,93.736,94.626,96.117
513.2,95.566,94.756,95.337,95.505,94.521,95.427,93.93,94.775,96.165
513.25,95.642,94.879,95.418,95.587,94.652,95.493,94.13,94.913,96.216
513.3,95.723,95.006,95.496,95.66,94.777,95.576,94.299,95.042,96.257
513.35,95.79,95.11,95.564,95.729,94.89,95.648,94.472,95.164,96.297
513.4,95.86,95.207,95.639,95.787,94.997,95.72,94.638,95.274,96.333
513.45,95.912,95.308,95.724,95.865,95.1,95.772,94.775,95.384,96.364
513.5,95.973,95.398,95.795,95.938,95.203,95.834,94.899,95.483,96.391
513.55,96.027,95.49,95.862,95.996,95.3,95.9,95.012,95.576,96.428
513.6,96.075,95.569,95.932,96.042,95.393,95.958,95.125,95.659,96.458
513.65,96.127,95.657,95.988,96.083,95.488,96.008,95.224,95.734,96.49
513.7,96.179,95.744,96.036,96.141,95.563,96.039,95.32,95.802,96.516
513.75,96.233,95.822,96.094,96.193,95.65,96.083,95.424,95.865,96.545
513.8,96.28,95.888,96.141,96.237,95.731,96.126,95.511,95.924,96.57
513.85,96.313,95.966,96.184,96.278,95.804,96.169,95.578,95.978,96.597
513.9,96.358,96.027,96.227,96.326,95.877,96.207,95.638,96.043,96.622
513.95,96.41,96.098,96.283,96.368,95.941,96.236,95.709,96.104,96.645
514,96.452,96.164,96.333,96.411,96.01,96.277,95.784,96.147,96.661
514.05,96.483,96.227,96.364,96.446,96.071,96.313,95.839,96.193,96.661
514.1,96.506,96.274,96.408,96.471,96.136,96.33,95.906,96.234,96.677
514.15,96.527,96.324,96.442,96.515,96.187,96.364,95.955,96.288,96.689
514.2,96.558,96.367,96.469,96.542,96.245,96.385,95.992,96.332,96.703
514.25,96.587,96.413,96.489,96.561,96.291,96.419,96.045,96.358,96.718
514.3,96.609,96.463,96.509,96.571,96.332,96.445,96.092,96.404,96.732
514.35,96.629,96.507,96.526,96.593,96.373,96.457,96.129,96.422,96.739
514.4,96.651,96.538,96.539,96.606,96.414,96.466,96.172,96.449,96.744
514.45,96.671,96.565,96.565,96.632,96.452,96.472,96.213,96.474,96.751
514.5,96.677,96.576,96.588,96.651,96.494,96.501,96.243,96.497,96.756
514.55,96.696,96.605,96.611,96.672,96.518,96.51,96.277,96.53,96.767
514.6,96.712,96.626,96.631,96.693,96.529,96.524,96.313,96.558,96.774
514.65,96.739,96.651,96.652,96.716,96.559,96.541,96.355,96.581,96.773
514.7,96.744,96.68,96.667,96.721,96.582,96.558,96.393,96.599,96.771
514.75,96.739,96.687,96.674,96.738,96.608,96.577,96.417,96.602,96.777
514.8,96.75,96.701,96.672,96.751,96.629,96.6,96.449,96.62,96.777
514.85,96.75,96.713,96.686,96.765,96.652,96.613,96.475,96.648,96.79
514.9,96.758,96.725,96.693,96.785,96.66,96.632,96.5,96.669,96.802
514.95,96.765,96.735,96.709,96.79,96.678,96.635,96.516,96.672,96.811
515,96.777,96.754,96.727,96.799,96.689,96.643,96.539,96.683,96.817
515.05,96.793,96.759,96.725,96.806,96.693,96.655,96.558,96.709,96.828
515.1,96.808,96.756,96.748,96.814,96.707,96.658,96.576,96.716,96.831
515.15,96.808,96.759,96.748,96.822,96.712,96.674,96.605,96.733,96.844
515.2,96.822,96.777,96.756,96.837,96.715,96.675,96.617,96.742,96.863
515.25,96.828,96.786,96.758,96.843,96.715,96.692,96.64,96.773,96.869
515.3,96.844,96.811,96.768,96.854,96.733,96.695,96.651,96.791,96.878
515.35,96.852,96.806,96.759,96.86,96.747,96.693,96.661,96.786,96.889
515.4,96.854,96.809,96.77,96.864,96.764,96.707,96.671,96.791,96.899
515.45,96.854,96.822,96.777,96.872,96.768,96.707,96.677,96.794,96.928
515.5,96.873,96.817,96.78,96.893,96.779,96.7,96.683,96.794,96.951
515.55,96.881,96.837,96.777,96.912,96.793,96.707,96.684,96.803,96.962
515.6,96.884,96.846,96.8,96.921,96.783,96.709,96.68,96.815,96.983
515.65,96.921,96.854,96.808,96.938,96.777,96.718,96.677,96.815,97.008
515.7,96.942,96.855,96.811,96.939,96.786,96.729,96.669,96.815,97.021
515.75,96.957,96.863,96.826,96.948,96.793,96.732,96.674,96.823,97.047
515.8,96.988,96.867,96.838,96.968,96.791,96.753,96.683,96.837,97.07
515.85,97.003,96.878,96.857,96.986,96.797,96.761,96.689,96.837,97.096
515.9,97.017,96.895,96.875,97.015,96.808,96.777,96.695,96.829,97.127
515.95,97.052,96.906,96.902,97.035,96.82,96.783,96.686,96.825,97.15
516,97.069,96.915,96.925,97.047,96.826,96.805,96.683,96.834,97.162
516.05,97.105,96.927,96.948,97.075,96.846,96.817,96.686,96.817,97.189
516.1,97.128,96.933,96.971,97.092,96.869,96.843,96.704,96.837,97.218
516.15,97.154,96.948,97,97.112,96.878,96.867,96.7,96.855,97.253
516.2,97.183,96.967,97.026,97.125,96.892,96.878,96.703,96.861,97.285
516.25,97.211,96.977,97.05,97.159,96.907,96.907,96.718,96.883,97.305
516.3,97.237,97.003,97.076,97.189,96.925,96.931,96.73,96.899,97.334
516.35,97.263,97.008,97.099,97.211,96.942,96.953,96.736,96.921,97.368
516.4,97.305,97.018,97.122,97.226,96.962,96.976,96.756,96.935,97.401
516.45,97.336,97.043,97.16,97.246,96.992,97.009,96.768,96.947,97.433
516.5,97.366,97.075,97.188,97.289,97.011,97.041,96.786,96.976,97.476
516.55,97.394,97.095,97.217,97.325,97.035,97.076,96.803,96.994,97.516
516.6,97.408,97.119,97.252,97.363,97.072,97.108,96.811,97.008,97.549
516.65,97.44,97.147,97.287,97.389,97.104,97.131,96.831,97.031,97.578
516.7,97.458,97.168,97.31,97.408,97.13,97.16,96.854,97.058,97.604
516.75,97.479,97.203,97.348,97.45,97.168,97.205,96.889,97.09,97.626
516.8,97.508,97.234,97.371,97.482,97.206,97.243,96.915,97.118,97.661
516.85,97.531,97.263,97.417,97.514,97.24,97.289,96.936,97.153,97.694
516.9,97.557,97.292,97.441,97.54,97.26,97.319,96.954,97.171,97.734
516.95,97.58,97.342,97.482,97.575,97.29,97.356,96.98,97.195,97.769
517,97.607,97.371,97.507,97.615,97.334,97.401,97.005,97.227,97.809
517.05,97.636,97.404,97.533,97.643,97.375,97.438,97.035,97.264,97.849
517.1,97.675,97.438,97.568,97.662,97.403,97.479,97.07,97.292,97.862
517.15,97.71,97.472,97.62,97.688,97.43,97.516,97.115,97.314,97.893
517.2,97.729,97.507,97.643,97.708,97.467,97.565,97.141,97.348,97.908
517.25,97.748,97.534,97.664,97.742,97.51,97.591,97.185,97.394,97.923
517.3,97.769,97.559,97.705,97.768,97.549,97.626,97.218,97.426,97.94
517.35,97.784,97.604,97.729,97.777,97.592,97.668,97.253,97.458,97.948
517.4,97.806,97.639,97.752,97.792,97.617,97.69,97.299,97.487,97.958
517.45,97.815,97.665,97.762,97.809,97.653,97.734,97.343,97.516,97.971
517.5,97.85,97.69,97.78,97.841,97.672,97.772,97.372,97.551,97.989
517.55,97.871,97.713,97.801,97.85,97.688,97.806,97.4,97.586,98.009
517.6,97.893,97.749,97.83,97.878,97.714,97.826,97.441,97.624,98.021
517.65,97.906,97.777,97.826,97.887,97.746,97.839,97.472,97.664,98.038
517.7,97.91,97.804,97.853,97.905,97.765,97.873,97.507,97.697,98.042
517.75,97.922,97.815,97.855,97.92,97.795,97.902,97.554,97.723,98.039
517.8,97.931,97.845,97.874,97.929,97.809,97.931,97.594,97.751,98.036
517.85,97.932,97.864,97.897,97.929,97.829,97.946,97.62,97.774,98.035
517.9,97.923,97.876,97.908,97.942,97.861,97.963,97.646,97.801,98.05
517.95,97.928,97.894,97.9,97.948,97.878,97.983,97.665,97.841,98.038
518,97.925,97.914,97.911,97.966,97.906,97.987,97.699,97.861,98.035
518.05,97.92,97.925,97.913,97.974,97.922,98.012,97.728,97.867,98.03
518.1,97.92,97.946,97.91,97.964,97.942,98.019,97.768,97.888,98.027
518.15,97.937,97.961,97.91,97.974,97.943,98.027,97.803,97.913,98.029
518.2,97.929,97.977,97.914,97.981,97.954,98.038,97.82,97.929,98.027
518.25,97.931,97.995,97.929,97.972,97.972,98.045,97.845,97.949,98.019
518.3,97.917,98.019,97.937,97.971,97.99,98.044,97.873,97.96,98.006
518.35,97.906,98.024,97.931,97.972,98.006,98.042,97.91,97.981,98
518.4,97.893,98.021,97.925,97.96,98.013,98.047,97.929,97.998,97.993
518.45,97.876,98.026,97.922,97.952,98.013,98.051,97.951,98.006,97.983
518.5,97.874,98.03,97.908,97.949,98.021,98.044,97.975,98.009,97.966
518.55,97.867,98.032,97.913,97.932,98.03,98.039,97.993,98.026,97.954
518.6,97.864,98.039,97.897,97.932,98.03,98.027,98.009,98.035,97.942
518.65,97.85,98.047,97.884,97.935,98.036,98.029,98.035,98.042,97.928
518.7,97.847,98.047,97.882,97.931,98.03,98.038,98.045,98.064,97.902
518.75,97.826,98.055,97.887,97.914,98.039,98.029,98.058,98.068,97.894
518.8,97.823,98.053,97.888,97.9,98.036,98.024,98.067,98.08,97.879
518.85,97.806,98.061,97.879,97.878,98.033,98.006,98.076,98.094,97.867
518.9,97.792,98.055,97.868,97.862,98.015,98.003,98.08,98.097,97.859
518.95,97.775,98.047,97.845,97.853,98.018,97.983,98.082,98.105,97.841
519,97.775,98.039,97.832,97.838,98.016,97.966,98.091,98.111,97.823
519.05,97.752,98.026,97.818,97.839,98.001,97.946,98.076,98.109,97.821
519.1,97.74,98.009,97.798,97.835,98.001,97.935,98.077,98.106,97.807
519.15,97.729,97.997,97.781,97.82,97.99,97.917,98.068,98.102,97.784
519.2,97.713,97.981,97.768,97.82,97.981,97.916,98.061,98.083,97.76
519.25,97.702,97.96,97.76,97.809,97.977,97.9,98.062,98.08,97.746
519.3,97.693,97.957,97.742,97.792,97.961,97.885,98.065,98.074,97.737
519.35,97.672,97.937,97.714,97.784,97.939,97.87,98.05,98.074,97.729
519.4,97.646,97.919,97.713,97.766,97.932,97.853,98.042,98.061,97.723
519.45,97.636,97.91,97.697,97.755,97.923,97.842,98.033,98.042,97.714
519.5,97.621,97.906,97.675,97.745,97.92,97.816,98.039,98.022,97.711
519.55,97.621,97.891,97.661,97.743,97.903,97.803,98.042,98.007,97.702
519.6,97.61,97.874,97.636,97.737,97.894,97.783,98.024,97.995,97.704
519.65,97.612,97.849,97.633,97.733,97.879,97.768,98.015,97.981,97.699
519.7,97.598,97.832,97.615,97.731,97.864,97.751,97.997,97.969,97.69
519.75,97.592,97.815,97.617,97.722,97.853,97.737,97.984,97.946,97.682
519.8,97.577,97.798,97.604,97.714,97.842,97.734,97.975,97.934,97.679
519.85,97.581,97.783,97.595,97.71,97.829,97.729,97.969,97.925,97.67
519.9,97.578,97.758,97.591,97.699,97.813,97.716,97.957,97.919,97.67
519.95,97.578,97.752,97.588,97.69,97.803,97.697,97.943,97.908,97.676
520,97.574,97.743,97.574,97.675,97.791,97.688,97.931,97.9,97.679
520.05,97.571,97.731,97.571,97.673,97.762,97.688,97.916,97.885,97.675
520.1,97.568,97.705,97.559,97.676,97.757,97.682,97.897,97.878,97.668
520.15,97.571,97.71,97.562,97.672,97.752,97.679,97.89,97.85,97.673
520.2,97.58,97.696,97.548,97.667,97.745,97.673,97.878,97.845,97.675
520.25,97.588,97.679,97.546,97.647,97.725,97.667,97.859,97.832,97.672
520.3,97.583,97.664,97.545,97.638,97.719,97.661,97.832,97.824,97.668
520.35,97.586,97.647,97.525,97.639,97.714,97.649,97.818,97.816,97.668
520.4,97.589,97.63,97.519,97.638,97.697,97.646,97.82,97.795,97.672
520.45,97.581,97.632,97.516,97.641,97.687,97.65,97.81,97.783,97.678
520.5,97.586,97.629,97.502,97.646,97.682,97.647,97.792,97.769,97.678
520.55,97.588,97.626,97.498,97.635,97.672,97.649,97.781,97.757,97.679
520.6,97.591,97.626,97.504,97.629,97.662,97.655,97.786,97.746,97.685
520.65,97.586,97.627,97.51,97.617,97.664,97.661,97.772,97.737,97.687
520.7,97.589,97.633,97.516,97.612,97.665,97.667,97.76,97.728,97.693
520.75,97.585,97.633,97.514,97.604,97.656,97.681,97.743,97.722,97.694
520.8,97.583,97.63,97.522,97.601,97.653,97.668,97.729,97.714,97.702
520.85,97.586,97.635,97.523,97.591,97.646,97.668,97.719,97.707,97.707
520.9,97.589,97.635,97.534,97.581,97.643,97.673,97.717,97.702,97.713
520.95,97.592,97.635,97.531,97.585,97.638,97.676,97.713,97.714,97.701
521,97.592,97.632,97.531,97.589,97.629,97.687,97.708,97.716,97.702
521.05,97.588,97.623,97.533,97.598,97.626,97.675,97.71,97.722,97.694
521.1,97.595,97.624,97.545,97.597,97.606,97.676,97.716,97.713,97.711
521.15,97.591,97.63,97.556,97.591,97.597,97.697,97.707,97.717,97.704
521.2,97.585,97.646,97.548,97.586,97.594,97.702,97.713,97.728,97.708
521.25,97.575,97.644,97.551,97.574,97.606,97.711,97.72,97.722,97.702
521.3,97.557,97.652,97.565,97.565,97.617,97.713,97.723,97.729,97.688
521.35,97.549,97.65,97.566,97.575,97.614,97.714,97.729,97.74,97.687
521.4,97.549,97.638,97.565,97.575,97.618,97.71,97.714,97.745,97.667
521.45,97.545,97.635,97.56,97.577,97.614,97.696,97.729,97.751,97.655
521.5,97.53,97.63,97.549,97.569,97.598,97.691,97.726,97.752,97.647
521.55,97.534,97.632,97.546,97.571,97.607,97.688,97.74,97.754,97.629
521.6,97.527,97.636,97.542,97.572,97.601,97.699,97.752,97.751,97.62
521.65,97.523,97.633,97.53,97.586,97.617,97.693,97.758,97.752,97.607
521.7,97.511,97.633,97.528,97.583,97.6,97.696,97.76,97.762,97.592
521.75,97.502,97.623,97.517,97.583,97.594,97.688,97.769,97.766,97.588
521.8,97.498,97.62,97.51,97.572,97.592,97.676,97.784,97.755,97.569
521.85,97.495,97.617,97.504,97.559,97.607,97.688,97.783,97.763,97.566
521.9,97.49,97.612,97.485,97.56,97.61,97.691,97.803,97.757,97.549
521.95,97.487,97.606,97.473,97.557,97.614,97.672,97.804,97.752,97.539
522,97.481,97.604,97.475,97.554,97.614,97.662,97.8,97.757,97.523
522.05,97.476,97.607,97.469,97.546,97.597,97.656,97.798,97.763,97.505
522.1,97.482,97.598,97.466,97.542,97.581,97.639,97.795,97.758,97.499
522.15,97.469,97.592,97.459,97.534,97.589,97.639,97.794,97.743,97.478
522.2,97.45,97.594,97.447,97.528,97.58,97.632,97.807,97.739,97.467
522.25,97.443,97.595,97.435,97.52,97.577,97.632,97.798,97.743,97.458
522.3,97.435,97.589,97.424,97.517,97.578,97.617,97.801,97.745,97.446
522.35,97.418,97.591,97.409,97.49,97.571,97.609,97.801,97.74,97.447
522.4,97.411,97.575,97.395,97.467,97.568,97.597,97.798,97.746,97.427
522.45,97.394,97.563,97.391,97.444,97.565,97.592,97.801,97.745,97.412
522.5,97.372,97.56,97.374,97.43,97.563,97.566,97.803,97.737,97.391
522.55,97.359,97.549,97.363,97.412,97.565,97.562,97.794,97.728,97.363
522.6,97.337,97.554,97.357,97.397,97.559,97.548,97.789,97.717,97.34
522.65,97.322,97.549,97.343,97.383,97.534,97.531,97.786,97.708,97.318
522.7,97.302,97.545,97.336,97.374,97.539,97.516,97.755,97.726,97.293
522.75,97.284,97.533,97.325,97.354,97.531,97.514,97.758,97.719,97.284
522.8,97.282,97.519,97.319,97.34,97.52,97.495,97.755,97.705,97.261
522.85,97.272,97.51,97.285,97.333,97.513,97.466,97.739,97.707,97.255
522.9,97.261,97.495,97.272,97.316,97.507,97.461,97.743,97.702,97.247
522.95,97.247,97.479,97.256,97.293,97.49,97.441,97.742,97.716,97.244
523,97.243,97.476,97.238,97.285,97.482,97.42,97.731,97.713,97.241
523.05,97.235,97.455,97.229,97.266,97.473,97.4,97.731,97.687,97.227
523.1,97.237,97.456,97.229,97.26,97.473,97.391,97.733,97.681,97.227
523.15,97.223,97.449,97.223,97.272,97.459,97.372,97.723,97.675,97.209
523.2,97.231,97.447,97.211,97.279,97.452,97.351,97.726,97.664,97.206
523.25,97.24,97.453,97.211,97.285,97.444,97.34,97.719,97.656,97.208
523.3,97.252,97.444,97.211,97.279,97.449,97.328,97.714,97.649,97.218
523.35,97.26,97.444,97.215,97.273,97.44,97.316,97.705,97.63,97.229
523.4,97.27,97.43,97.209,97.279,97.437,97.308,97.699,97.644,97.241
523.45,97.281,97.429,97.205,97.29,97.446,97.292,97.69,97.638,97.26
523.5,97.295,97.429,97.197,97.275,97.44,97.292,97.687,97.624,97.273
523.55,97.307,97.438,97.191,97.287,97.438,97.279,97.67,97.623,97.272
523.6,97.314,97.438,97.197,97.292,97.446,97.287,97.673,97.617,97.285
523.65,97.333,97.438,97.214,97.305,97.455,97.282,97.668,97.609,97.299
523.7,97.342,97.455,97.229,97.322,97.456,97.287,97.661,97.61,97.305
523.75,97.362,97.466,97.243,97.34,97.455,97.279,97.649,97.595,97.322
523.8,97.379,97.47,97.243,97.35,97.464,97.284,97.641,97.595,97.34
523.85,97.392,97.482,97.26,97.375,97.467,97.289,97.63,97.6,97.366
523.9,97.412,97.493,97.26,97.391,97.476,97.296,97.623,97.597,97.374
523.95,97.441,97.493,97.27,97.4,97.484,97.295,97.621,97.591,97.398
524,97.467,97.507,97.284,97.411,97.495,97.299,97.612,97.597,97.421
524.05,97.476,97.51,97.289,97.424,97.495,97.296,97.6,97.603,97.44
524.1,97.501,97.523,97.308,97.452,97.499,97.305,97.592,97.606,97.456
524.15,97.513,97.534,97.331,97.473,97.511,97.305,97.589,97.618,97.491
524.2,97.53,97.557,97.35,97.482,97.528,97.322,97.592,97.609,97.519
524.25,97.543,97.568,97.375,97.501,97.533,97.342,97.589,97.61,97.536
524.3,97.568,97.58,97.414,97.531,97.534,97.343,97.6,97.626,97.559
524.35,97.592,97.598,97.438,97.554,97.54,97.365,97.603,97.629,97.581
524.4,97.609,97.617,97.455,97.585,97.543,97.371,97.595,97.639,97.607
524.45,97.633,97.629,97.476,97.607,97.556,97.394,97.595,97.65,97.629
524.5,97.662,97.636,97.495,97.626,97.577,97.403,97.609,97.667,97.656
524.55,97.688,97.65,97.516,97.65,97.592,97.433,97.617,97.687,97.685
524.6,97.708,97.672,97.556,97.673,97.604,97.447,97.626,97.693,97.71
524.65,97.734,97.701,97.58,97.684,97.617,97.473,97.646,97.71,97.728
524.7,97.752,97.704,97.61,97.696,97.627,97.49,97.655,97.725,97.758
524.75,97.775,97.716,97.641,97.719,97.646,97.531,97.664,97.752,97.777
524.8,97.795,97.734,97.67,97.74,97.672,97.565,97.67,97.771,97.812
524.85,97.821,97.755,97.699,97.76,97.685,97.591,97.688,97.781,97.838
524.9,97.842,97.787,97.714,97.777,97.705,97.618,97.693,97.804,97.867
524.95,97.867,97.807,97.716,97.789,97.726,97.655,97.708,97.823,97.884
525,97.896,97.816,97.733,97.824,97.752,97.682,97.723,97.852,97.894
525.05,97.911,97.838,97.752,97.85,97.775,97.704,97.736,97.868,97.917
525.1,97.92,97.853,97.765,97.874,97.8,97.719,97.74,97.878,97.94
525.15,97.934,97.87,97.791,97.887,97.816,97.739,97.763,97.894,97.972
525.2,97.946,97.873,97.81,97.888,97.845,97.768,97.775,97.914,97.99
525.25,97.957,97.884,97.841,97.91,97.858,97.791,97.783,97.934,98.013
525.3,97.961,97.899,97.861,97.92,97.871,97.821,97.787,97.94,98.039
525.35,97.98,97.922,97.871,97.928,97.888,97.844,97.801,97.955,98.045
525.4,98,97.925,97.879,97.934,97.905,97.871,97.803,97.984,98.059
525.45,98.024,97.922,97.888,97.943,97.92,97.9,97.812,98.009,98.073
525.5,98.039,97.935,97.903,97.966,97.932,97.923,97.832,98.022,98.083
525.55,98.042,97.949,97.911,97.978,97.954,97.923,97.842,98.022,98.1
525.6,98.048,97.968,97.922,98.003,97.952,97.939,97.855,98.026,98.108
525.65,98.047,97.978,97.937,98,97.983,97.958,97.871,98.038,98.122
525.7,98.039,97.981,97.968,98.012,97.997,97.983,97.893,98.047,98.129
525.75,98.05,97.995,97.993,98.019,98.01,97.987,97.908,98.062,98.128
525.8,98.053,98.01,98.019,98.022,98.018,97.993,97.91,98.059,98.141
525.85,98.062,98.016,98.035,98.027,98.019,98.003,97.926,98.074,98.146
525.9,98.073,98.026,98.039,98.027,98.024,98.024,97.952,98.082,98.145
525.95,98.071,98.03,98.044,98.038,98.039,98.038,97.963,98.097,98.141
526,98.088,98.045,98.053,98.051,98.05,98.048,97.981,98.1,98.141
526.05,98.091,98.051,98.048,98.039,98.061,98.064,98.012,98.111,98.137
526.1,98.102,98.071,98.059,98.061,98.068,98.076,98.032,98.128,98.125
526.15,98.097,98.077,98.071,98.062,98.085,98.08,98.059,98.138,98.119
526.2,98.091,98.09,98.088,98.073,98.112,98.097,98.094,98.135,98.12
526.25,98.077,98.116,98.088,98.08,98.128,98.103,98.1,98.14,98.123
526.3,98.071,98.131,98.083,98.077,98.143,98.111,98.112,98.141,98.122
526.35,98.065,98.137,98.093,98.085,98.157,98.128,98.138,98.158,98.111
526.4,98.056,98.126,98.097,98.074,98.178,98.141,98.154,98.18,98.108
526.45,98.058,98.141,98.09,98.076,98.184,98.152,98.167,98.193,98.1
526.5,98.058,98.143,98.076,98.076,98.204,98.16,98.193,98.199,98.091
526.55,98.041,98.143,98.073,98.09,98.21,98.177,98.206,98.209,98.09
526.6,98.038,98.148,98.065,98.085,98.203,98.189,98.212,98.215,98.079
526.65,98.036,98.157,98.051,98.076,98.212,98.192,98.227,98.222,98.074
526.7,98.021,98.163,98.048,98.08,98.218,98.192,98.247,98.228,98.074
526.75,98.001,98.174,98.042,98.062,98.224,98.195,98.254,98.227,98.073
526.8,97.981,98.169,98.036,98.053,98.219,98.21,98.257,98.241,98.073
526.85,97.972,98.181,98.035,98.055,98.224,98.21,98.27,98.245,98.062
526.9,97.949,98.172,98.018,98.039,98.225,98.213,98.288,98.235,98.051
526.95,97.929,98.157,98.004,98.032,98.215,98.216,98.305,98.228,98.038
527,97.916,98.155,97.984,98.024,98.187,98.216,98.314,98.247,98.03
527.05,97.887,98.138,97.983,98.019,98.187,98.216,98.331,98.25,98.006
527.1,97.87,98.128,97.966,98,98.18,98.213,98.332,98.257,97.989
527.15,97.841,98.12,97.946,97.977,98.163,98.21,98.34,98.259,97.986
527.2,97.818,98.116,97.931,97.955,98.163,98.193,98.346,98.265,97.955
527.25,97.786,98.091,97.917,97.935,98.145,98.189,98.344,98.262,97.945
527.3,97.763,98.08,97.891,97.908,98.12,98.178,98.344,98.245,97.926
527.35,97.746,98.073,97.882,97.878,98.093,98.175,98.351,98.242,97.908
527.4,97.71,98.067,97.859,97.862,98.082,98.174,98.37,98.238,97.893
527.45,97.667,98.038,97.841,97.829,98.068,98.167,98.375,98.228,97.868
527.5,97.633,98.018,97.827,97.803,98.053,98.161,98.372,98.225,97.833
527.55,97.603,97.986,97.812,97.789,98.022,98.149,98.378,98.213,97.815
527.6,97.574,97.969,97.798,97.751,98.009,98.131,98.383,98.196,97.792
527.65,97.531,97.934,97.775,97.716,97.986,98.128,98.363,98.172,97.765
527.7,97.502,97.908,97.745,97.681,97.96,98.103,98.354,98.158,97.737
527.75,97.476,97.888,97.714,97.65,97.946,98.08,98.332,98.141,97.723
527.8,97.443,97.856,97.688,97.62,97.929,98.05,98.311,98.109,97.697
527.85,97.432,97.829,97.658,97.578,97.902,98.021,98.293,98.073,97.685
527.9,97.389,97.801,97.644,97.552,97.874,98.006,98.285,98.044,97.659
527.95,97.377,97.771,97.615,97.508,97.85,97.981,98.264,98.009,97.632
528,97.334,97.739,97.581,97.476,97.807,97.971,98.248,97.969,97.609
528.05,97.301,97.719,97.552,97.459,97.778,97.939,98.23,97.942,97.574
528.1,97.266,97.681,97.537,97.432,97.745,97.916,98.209,97.925,97.548
528.15,97.229,97.635,97.488,97.409,97.716,97.878,98.187,97.882,97.536
528.2,97.197,97.585,97.461,97.379,97.679,97.842,98.161,97.859,97.507
528.25,97.162,97.559,97.444,97.363,97.646,97.827,98.129,97.818,97.481
528.3,97.144,97.517,97.404,97.318,97.609,97.812,98.097,97.781,97.469
528.35,97.118,97.488,97.371,97.279,97.581,97.787,98.061,97.746,97.444
528.4,97.079,97.461,97.331,97.258,97.549,97.757,98.019,97.705,97.424
528.45,97.06,97.429,97.305,97.226,97.517,97.726,98.007,97.679,97.403
528.5,97.044,97.391,97.279,97.202,97.487,97.716,97.968,97.652,97.395
528.55,97.015,97.353,97.255,97.176,97.45,97.694,97.932,97.607,97.377
528.6,96.997,97.314,97.231,97.141,97.417,97.679,97.905,97.572,97.363
528.65,96.968,97.285,97.198,97.115,97.382,97.652,97.881,97.546,97.342
528.7,96.947,97.25,97.165,97.099,97.35,97.633,97.845,97.519,97.327
528.75,96.912,97.224,97.15,97.093,97.321,97.604,97.8,97.498,97.31
528.8,96.912,97.189,97.133,97.072,97.293,97.581,97.763,97.464,97.305
528.85,96.915,97.157,97.116,97.05,97.263,97.563,97.725,97.43,97.298
528.9,96.909,97.128,97.087,97.035,97.234,97.546,97.694,97.389,97.29
528.95,96.899,97.104,97.075,97.006,97.206,97.519,97.656,97.368,97.269
529,96.895,97.069,97.063,96.992,97.186,97.508,97.618,97.322,97.261
529.05,96.898,97.044,97.04,96.977,97.145,97.487,97.586,97.292,97.258
529.1,96.893,97.031,97.023,96.974,97.119,97.456,97.557,97.267,97.253
529.15,96.901,97.006,97.012,96.968,97.104,97.426,97.522,97.238,97.246
529.2,96.899,96.98,97.009,96.967,97.081,97.415,97.493,97.206,97.243
529.25,96.901,96.954,96.994,96.968,97.066,97.395,97.461,97.173,97.25
529.3,96.896,96.933,96.994,96.951,97.043,97.366,97.438,97.15,97.249
529.35,96.906,96.928,96.999,96.953,97.028,97.354,97.403,97.134,97.25
529.4,96.899,96.93,96.988,96.956,97.014,97.328,97.379,97.107,97.244
529.45,96.895,96.921,96.976,96.964,96.997,97.33,97.346,97.079,97.244
529.5,96.907,96.91,96.97,96.97,96.985,97.308,97.316,97.058,97.252
529.55,96.93,96.892,96.973,96.974,96.971,97.31,97.311,97.025,97.25
529.6,96.941,96.896,96.973,96.977,96.956,97.293,97.289,97.008,97.247
529.65,96.947,96.89,96.971,96.98,96.951,97.284,97.275,96.982,97.255
529.7,96.953,96.887,96.97,96.973,96.948,97.272,97.247,96.976,97.255
529.75,96.96,96.878,96.98,96.98,96.945,97.273,97.217,96.95,97.264
529.8,96.965,96.884,96.982,96.974,96.938,97.267,97.202,96.944,97.275
529.85,96.976,96.881,96.989,96.97,96.956,97.264,97.166,96.941,97.275
529.9,96.977,96.878,96.991,96.977,96.96,97.26,97.133,96.936,97.276
529.95,96.98,96.878,96.996,96.988,96.954,97.256,97.121,96.928,97.273
530,97,96.873,96.996,96.992,96.948,97.261,97.113,96.93,97.275
530.05,97.003,96.892,97.012,96.997,96.953,97.264,97.098,96.924,97.275
530.1,97.003,96.909,96.999,97.015,96.956,97.266,97.086,96.919,97.275
530.15,97.003,96.909,97.002,97.028,96.959,97.261,97.081,96.919,97.272
530.2,97.012,96.907,97.021,97.038,96.973,97.269,97.067,96.919,97.267
530.25,97.035,96.901,97.04,97.037,96.973,97.269,97.054,96.931,97.27
530.3,97.037,96.906,97.064,97.04,96.979,97.284,97.049,96.935,97.25
530.35,97.028,96.916,97.07,97.037,96.988,97.289,97.032,96.951,97.253
530.4,97.02,96.919,97.069,97.041,97.006,97.293,97.034,96.948,97.25
530.45,97.012,96.915,97.073,97.037,97.015,97.308,97.026,96.964,97.253
530.5,97.011,96.931,97.079,97.055,97.028,97.308,97.018,96.956,97.256
530.55,97.011,96.947,97.084,97.061,97.028,97.322,97.023,96.973,97.252
530.6,97.017,96.962,97.081,97.07,97.037,97.316,97.02,96.988,97.249
530.65,97.014,96.971,97.079,97.087,97.035,97.313,97.041,96.992,97.244
530.7,97.012,96.974,97.099,97.087,97.047,97.311,97.049,96.997,97.227
530.75,97.008,96.985,97.095,97.086,97.043,97.333,97.057,97.025,97.22
530.8,96.996,96.996,97.104,97.076,97.06,97.33,97.067,97.037,97.206
530.85,97,96.994,97.086,97.076,97.061,97.327,97.075,97.043,97.194
530.9,96.994,96.999,97.087,97.072,97.072,97.325,97.072,97.041,97.16
530.95,96.991,96.999,97.09,97.064,97.066,97.319,97.079,97.06,97.139
531,96.974,96.994,97.078,97.052,97.061,97.327,97.086,97.061,97.124
531.05,96.944,97,97.067,97.054,97.073,97.321,97.095,97.07,97.096
531.1,96.931,97.008,97.04,97.034,97.072,97.304,97.108,97.067,97.086
531.15,96.919,97.011,97.014,97.025,97.069,97.295,97.116,97.066,97.054
531.2,96.912,97.012,97.002,97.009,97.06,97.292,97.115,97.076,97.028
531.25,96.892,97.014,96.976,97.009,97.046,97.276,97.122,97.072,96.992
531.3,96.87,97.005,96.965,96.983,97.044,97.278,97.134,97.081,96.965
531.35,96.843,96.996,96.945,96.968,97.054,97.255,97.134,97.081,96.921
531.4,96.819,96.988,96.925,96.939,97.05,97.25,97.124,97.075,96.881
531.45,96.785,96.977,96.912,96.913,97.052,97.247,97.127,97.076,96.846
531.5,96.756,96.965,96.884,96.887,97.032,97.241,97.137,97.063,96.832
531.55,96.739,96.959,96.864,96.863,97.035,97.205,97.145,97.04,96.8
531.6,96.719,96.95,96.834,96.835,97.008,97.185,97.145,97.04,96.768
531.65,96.684,96.938,96.815,96.802,96.991,97.171,97.142,97.035,96.733
531.7,96.664,96.916,96.796,96.773,96.974,97.148,97.148,97.02,96.712
531.75,96.634,96.887,96.761,96.736,96.968,97.13,97.147,97.008,96.687
531.8,96.617,96.872,96.735,96.712,96.95,97.113,97.136,96.996,96.652
531.85,96.608,96.851,96.707,96.675,96.927,97.086,97.136,96.976,96.629
531.9,96.591,96.819,96.7,96.651,96.907,97.07,97.125,96.979,96.605
531.95,96.571,96.806,96.678,96.626,96.886,97.058,97.116,96.947,96.587
532,96.542,96.782,96.663,96.602,96.863,97.026,97.121,96.93,96.574
532.05,96.527,96.754,96.649,96.574,96.852,97.003,97.112,96.927,96.553
532.1,96.518,96.733,96.629,96.556,96.838,96.97,97.102,96.902,96.526
532.15,96.509,96.706,96.602,96.526,96.812,96.951,97.107,96.878,96.523
532.2,96.492,96.681,96.581,96.509,96.783,96.919,97.099,96.843,96.506
532.25,96.503,96.66,96.562,96.484,96.747,96.889,97.083,96.826,96.487
532.3,96.498,96.642,96.547,96.471,96.732,96.852,97.06,96.805,96.457
532.35,96.486,96.609,96.535,96.446,96.706,96.835,97.029,96.773,96.443
532.4,96.477,96.587,96.527,96.431,96.696,96.812,97.005,96.735,96.429
532.45,96.471,96.57,96.51,96.426,96.672,96.794,96.985,96.704,96.426
532.5,96.463,96.553,96.49,96.423,96.64,96.777,96.957,96.692,96.428
532.55,96.463,96.547,96.478,96.423,96.622,96.771,96.933,96.654,96.431
532.6,96.455,96.535,96.474,96.408,96.608,96.741,96.918,96.629,96.44
532.65,96.445,96.521,96.469,96.408,96.591,96.73,96.89,96.597,96.439
532.7,96.448,96.513,96.457,96.407,96.573,96.703,96.867,96.556,96.448
532.75,96.458,96.481,96.458,96.408,96.565,96.678,96.857,96.542,96.442
532.8,96.466,96.466,96.455,96.408,96.57,96.663,96.831,96.513,96.432
532.85,96.478,96.468,96.449,96.408,96.553,96.642,96.809,96.49,96.436
532.9,96.481,96.463,96.449,96.408,96.541,96.638,96.782,96.469,96.445
532.95,96.5,96.463,96.457,96.429,96.524,96.623,96.754,96.455,96.451
533,96.519,96.455,96.457,96.443,96.527,96.613,96.741,96.445,96.466
533.05,96.515,96.449,96.451,96.46,96.53,96.614,96.718,96.422,96.48
533.1,96.529,96.442,96.458,96.463,96.547,96.626,96.713,96.416,96.503
533.15,96.547,96.455,96.465,96.484,96.552,96.625,96.7,96.414,96.521
533.2,96.556,96.46,96.477,96.503,96.555,96.622,96.681,96.405,96.533
533.25,96.574,96.463,96.49,96.521,96.562,96.625,96.675,96.405,96.55
533.3,96.608,96.475,96.519,96.529,96.591,96.625,96.66,96.391,96.571
533.35,96.631,96.489,96.541,96.539,96.59,96.614,96.645,96.394,96.581
533.4,96.664,96.503,96.55,96.576,96.593,96.613,96.635,96.394,96.602
533.45,96.692,96.513,96.567,96.597,96.603,96.611,96.626,96.41,96.619
533.5,96.709,96.527,96.581,96.62,96.616,96.62,96.622,96.417,96.626
533.55,96.724,96.553,96.596,96.64,96.635,96.619,96.599,96.426,96.655
533.6,96.753,96.57,96.614,96.666,96.637,96.616,96.591,96.445,96.672
533.65,96.783,96.599,96.643,96.681,96.661,96.631,96.594,96.449,96.686
533.7,96.805,96.617,96.671,96.71,96.664,96.642,96.597,96.469,96.709
533.75,96.828,96.646,96.686,96.739,96.696,96.658,96.596,96.48,96.718
533.8,96.84,96.68,96.715,96.771,96.718,96.675,96.591,96.506,96.725
533.85,96.867,96.713,96.742,96.793,96.745,96.686,96.605,96.527,96.741
533.9,96.895,96.739,96.765,96.825,96.75,96.69,96.608,96.539,96.744
533.95,96.913,96.753,96.782,96.826,96.774,96.707,96.62,96.568,96.753
534,96.941,96.79,96.793,96.841,96.799,96.722,96.622,96.593,96.768
534.05,96.959,96.815,96.809,96.858,96.825,96.719,96.62,96.62,96.774
534.1,96.962,96.837,96.82,96.886,96.846,96.735,96.642,96.652,96.78
534.15,96.977,96.861,96.829,96.91,96.872,96.753,96.657,96.684,96.791
534.2,96.983,96.887,96.854,96.918,96.901,96.771,96.671,96.716,96.793
534.25,96.996,96.924,96.866,96.942,96.925,96.791,96.69,96.738,96.802
534.3,97.009,96.954,96.881,96.956,96.95,96.806,96.704,96.777,96.809
534.35,97.017,96.991,96.896,96.976,96.964,96.826,96.73,96.812,96.806
534.4,97.021,97.012,96.907,96.992,96.985,96.852,96.747,96.84,96.815
534.45,97.02,97.029,96.913,97.005,97.009,96.873,96.759,96.872,96.828
534.5,97.021,97.046,96.907,97.011,97.035,96.883,96.78,96.912,96.817
534.55,97.02,97.07,96.922,97.014,97.057,96.889,96.802,96.944,96.819
534.6,97.02,97.086,96.931,97.009,97.087,96.901,96.837,96.97,96.819
534.65,97.034,97.102,96.933,97.009,97.108,96.909,96.86,96.997,96.815
534.7,97.023,97.133,96.933,97.015,97.127,96.918,96.872,97.023,96.82
534.75,97.012,97.15,96.935,97.032,97.151,96.915,96.902,97.047,96.82
534.8,97,97.157,96.942,97.04,97.165,96.916,96.933,97.067,96.812
534.85,96.997,97.18,96.951,97.043,97.166,96.919,96.957,97.083,96.808
534.9,96.996,97.195,96.954,97.044,97.176,96.933,96.979,97.095,96.793
534.95,96.991,97.211,96.951,97.047,97.197,96.928,96.992,97.11,96.79
535,96.986,97.221,96.947,97.046,97.208,96.931,97.025,97.133,96.793
535.05,96.976,97.224,96.933,97.032,97.224,96.927,97.044,97.157,96.782
535.1,96.977,97.229,96.922,97.025,97.235,96.904,97.073,97.163,96.774
535.15,96.965,97.229,96.901,97.009,97.24,96.904,97.093,97.171,96.754
535.2,96.956,97.235,96.895,96.996,97.256,96.904,97.13,97.182,96.744
535.25,96.956,97.235,96.881,96.991,97.253,96.902,97.156,97.191,96.719
535.3,96.953,97.24,96.887,96.973,97.261,96.889,97.176,97.192,96.715
535.35,96.947,97.235,96.878,96.947,97.255,96.873,97.185,97.206,96.718
535.4,96.948,97.241,96.867,96.947,97.241,96.863,97.197,97.211,96.719
535.45,96.924,97.246,96.849,96.945,97.24,96.849,97.217,97.214,96.709
535.5,96.913,97.235,96.843,96.938,97.232,96.838,97.241,97.221,96.696
535.55,96.91,97.238,96.829,96.927,97.208,96.838,97.246,97.212,96.678
535.6,96.91,97.237,96.823,96.93,97.203,96.828,97.255,97.212,96.672
535.65,96.902,97.218,96.803,96.921,97.208,96.828,97.27,97.221,96.66
535.7,96.898,97.209,96.8,96.913,97.208,96.803,97.281,97.223,96.66
535.75,96.898,97.191,96.797,96.904,97.192,96.799,97.299,97.218,96.657
535.8,96.893,97.182,96.799,96.901,97.174,96.777,97.295,97.214,96.645
535.85,96.896,97.176,96.809,96.902,97.157,96.762,97.299,97.212,96.643
535.9,96.89,97.169,96.794,96.907,97.151,96.78,97.287,97.214,96.646
535.95,96.91,97.163,96.805,96.91,97.147,96.754,97.292,97.211,96.657
536,96.924,97.163,96.808,96.907,97.122,96.738,97.27,97.208,96.66
536.05,96.922,97.162,96.822,96.91,97.102,96.719,97.258,97.194,96.68
536.1,96.921,97.151,96.822,96.915,97.092,96.718,97.249,97.183,96.692
536.15,96.93,97.141,96.82,96.93,97.087,96.716,97.253,97.168,96.689
536.2,96.941,97.136,96.82,96.927,97.078,96.704,97.241,97.157,96.689
536.25,96.956,97.113,96.835,96.927,97.067,96.701,97.221,97.145,96.703
536.3,96.974,97.112,96.837,96.931,97.06,96.7,97.202,97.131,96.713
536.35,97,97.11,96.858,96.948,97.064,96.692,97.182,97.133,96.745
536.4,97.02,97.101,96.872,96.962,97.063,96.693,97.169,97.133,96.761
536.45,97.043,97.105,96.895,96.97,97.067,96.689,97.153,97.119,96.777
536.5,97.064,97.11,96.906,96.98,97.057,96.692,97.128,97.119,96.799
536.55,97.087,97.121,96.918,96.994,97.055,96.684,97.11,97.113,96.82
536.6,97.107,97.118,96.918,97.008,97.06,96.692,97.098,97.104,96.832
536.65,97.136,97.119,96.93,97.021,97.063,96.703,97.087,97.093,96.844
536.7,97.159,97.118,96.964,97.028,97.064,96.704,97.078,97.086,96.869
536.75,97.171,97.118,96.982,97.05,97.069,96.71,97.06,97.086,96.904
536.8,97.202,97.125,97.005,97.067,97.079,96.724,97.046,97.078,96.938
536.85,97.229,97.137,97.017,97.09,97.102,96.729,97.046,97.079,96.957
536.9,97.258,97.148,97.029,97.118,97.112,96.745,97.038,97.075,96.985
536.95,97.281,97.162,97.058,97.139,97.118,96.764,97.031,97.076,97.017
537,97.298,97.174,97.078,97.157,97.134,96.79,97.028,97.086,97.041
537.05,97.313,97.197,97.108,97.188,97.159,96.806,97.018,97.105,97.067
537.1,97.345,97.217,97.139,97.209,97.185,96.823,97.018,97.122,97.102
537.15,97.362,97.223,97.16,97.235,97.2,96.84,97.02,97.124,97.121
537.2,97.395,97.241,97.182,97.253,97.221,96.858,97.028,97.142,97.144
537.25,97.409,97.261,97.202,97.282,97.243,96.873,97.023,97.157,97.176
537.3,97.426,97.276,97.226,97.307,97.267,96.904,97.037,97.168,97.198
537.35,97.443,97.295,97.25,97.334,97.295,96.93,97.041,97.185,97.211
537.4,97.456,97.321,97.273,97.366,97.328,96.973,97.04,97.197,97.238
537.45,97.464,97.345,97.307,97.394,97.346,96.996,97.04,97.211,97.269
537.5,97.482,97.371,97.33,97.42,97.372,97.011,97.058,97.229,97.292
537.55,97.493,97.395,97.346,97.435,97.388,97.049,97.072,97.255,97.308
537.6,97.496,97.427,97.36,97.462,97.415,97.066,97.086,97.27,97.322
537.65,97.513,97.44,97.375,97.475,97.432,97.089,97.093,97.292,97.333
537.7,97.531,97.456,97.398,97.488,97.467,97.112,97.113,97.313,97.345
537.75,97.536,97.479,97.408,97.504,97.49,97.124,97.136,97.342,97.362
537.8,97.552,97.504,97.432,97.525,97.508,97.141,97.159,97.365,97.375
537.85,97.575,97.527,97.435,97.54,97.516,97.162,97.183,97.386,97.385
537.9,97.578,97.543,97.432,97.546,97.539,97.183,97.202,97.398,97.385
537.95,97.58,97.566,97.443,97.554,97.56,97.208,97.229,97.424,97.403
538,97.566,97.578,97.444,97.565,97.575,97.231,97.234,97.44,97.412
538.05,97.565,97.598,97.45,97.577,97.589,97.261,97.267,97.459,97.412
538.1,97.569,97.615,97.456,97.58,97.601,97.279,97.284,97.478,97.418
538.15,97.562,97.63,97.459,97.578,97.609,97.293,97.311,97.507,97.423
538.2,97.56,97.643,97.467,97.572,97.612,97.292,97.345,97.537,97.421
538.25,97.565,97.653,97.456,97.574,97.624,97.298,97.382,97.551,97.423
538.3,97.551,97.67,97.458,97.565,97.633,97.311,97.403,97.565,97.408
538.35,97.545,97.687,97.464,97.575,97.649,97.316,97.43,97.577,97.394
538.4,97.527,97.685,97.456,97.58,97.646,97.333,97.461,97.595,97.38
538.45,97.49,97.69,97.464,97.569,97.652,97.342,97.484,97.609,97.379
538.5,97.473,97.701,97.459,97.565,97.644,97.343,97.507,97.627,97.371
538.55,97.47,97.702,97.449,97.565,97.649,97.348,97.519,97.639,97.357
538.6,97.447,97.694,97.432,97.551,97.65,97.346,97.539,97.65,97.348
538.65,97.42,97.693,97.427,97.537,97.65,97.35,97.563,97.656,97.336
538.7,97.408,97.694,97.423,97.531,97.647,97.353,97.589,97.664,97.328
538.75,97.394,97.696,97.411,97.52,97.639,97.346,97.603,97.664,97.307
538.8,97.391,97.701,97.398,97.496,97.635,97.333,97.62,97.667,97.292
538.85,97.394,97.694,97.389,97.481,97.627,97.319,97.624,97.676,97.27
538.9,97.382,97.684,97.38,97.461,97.63,97.318,97.638,97.682,97.244
538.95,97.379,97.676,97.369,97.45,97.62,97.31,97.643,97.67,97.235
539,97.371,97.67,97.356,97.433,97.614,97.301,97.65,97.664,97.223
539.05,97.343,97.659,97.354,97.417,97.621,97.299,97.649,97.665,97.215
539.1,97.334,97.643,97.346,97.401,97.618,97.292,97.665,97.667,97.202
539.15,97.319,97.623,97.33,97.372,97.614,97.287,97.67,97.664,97.202
539.2,97.319,97.609,97.319,97.354,97.626,97.281,97.673,97.662,97.191
539.25,97.334,97.6,97.304,97.348,97.618,97.273,97.672,97.658,97.182
539.3,97.328,97.591,97.292,97.348,97.61,97.263,97.667,97.65,97.169
539.35,97.319,97.571,97.289,97.333,97.604,97.253,97.665,97.636,97.166
539.4,97.324,97.565,97.29,97.33,97.597,97.247,97.656,97.624,97.162
539.45,97.339,97.562,97.289,97.322,97.588,97.234,97.649,97.609,97.157
539.5,97.331,97.543,97.289,97.313,97.568,97.223,97.626,97.601,97.159
539.55,97.333,97.514,97.295,97.311,97.562,97.214,97.621,97.603,97.153
539.6,97.328,97.514,97.298,97.316,97.554,97.208,97.63,97.594,97.154
539.65,97.318,97.505,97.293,97.319,97.549,97.202,97.627,97.574,97.165
539.7,97.327,97.495,97.278,97.325,97.525,97.191,97.626,97.568,97.169
539.75,97.325,97.485,97.284,97.327,97.525,97.186,97.629,97.563,97.168
539.8,97.336,97.469,97.289,97.336,97.523,97.185,97.617,97.546,97.182
539.85,97.35,97.472,97.285,97.348,97.499,97.177,97.61,97.533,97.179
539.9,97.371,97.473,97.281,97.362,97.485,97.169,97.594,97.522,97.192
539.95,97.391,97.481,97.292,97.377,97.469,97.163,97.581,97.513,97.194
540,97.4,97.473,97.287,97.388,97.449,97.154,97.572,97.501,97.197
540.05,97.409,97.466,97.292,97.403,97.449,97.157,97.569,97.495,97.205
540.1,97.423,97.461,97.301,97.411,97.438,97.154,97.562,97.485,97.214
540.15,97.438,97.469,97.308,97.426,97.429,97.16,97.549,97.481,97.215
540.2,97.452,97.466,97.321,97.447,97.437,97.162,97.551,97.476,97.229
540.25,97.455,97.456,97.322,97.455,97.447,97.176,97.545,97.479,97.238
540.3,97.469,97.476,97.334,97.47,97.461,97.176,97.549,97.476,97.249
540.35,97.47,97.49,97.334,97.476,97.464,97.185,97.537,97.466,97.267
540.4,97.488,97.479,97.339,97.49,97.458,97.183,97.519,97.45,97.287
540.45,97.51,97.485,97.348,97.501,97.464,97.198,97.514,97.459,97.302
540.5,97.517,97.495,97.362,97.514,97.481,97.208,97.511,97.453,97.318
540.55,97.527,97.508,97.372,97.53,97.485,97.22,97.499,97.441,97.342
540.6,97.537,97.527,97.385,97.56,97.507,97.231,97.496,97.455,97.35
540.65,97.562,97.537,97.4,97.569,97.533,97.249,97.498,97.467,97.366
540.7,97.563,97.546,97.418,97.588,97.554,97.263,97.49,97.479,97.383
540.75,97.575,97.543,97.438,97.588,97.574,97.276,97.49,97.488,97.394
540.8,97.588,97.563,97.47,97.603,97.585,97.304,97.504,97.491,97.415
540.85,97.585,97.588,97.485,97.621,97.595,97.322,97.504,97.504,97.43
540.9,97.592,97.607,97.498,97.63,97.614,97.343,97.514,97.519,97.452
540.95,97.6,97.623,97.516,97.63,97.629,97.359,97.54,97.534,97.472
541,97.6,97.63,97.523,97.644,97.638,97.372,97.539,97.543,97.479
541.05,97.597,97.65,97.543,97.653,97.639,97.391,97.542,97.552,97.493
541.1,97.604,97.662,97.557,97.668,97.649,97.406,97.556,97.574,97.501
541.15,97.617,97.682,97.572,97.678,97.668,97.42,97.577,97.592,97.516
541.2,97.618,97.71,97.586,97.694,97.687,97.449,97.595,97.62,97.514
541.25,97.614,97.728,97.592,97.69,97.696,97.455,97.606,97.639,97.522
541.3,97.61,97.745,97.607,97.69,97.714,97.461,97.62,97.653,97.522
541.35,97.621,97.754,97.615,97.69,97.726,97.476,97.626,97.682,97.519
541.4,97.624,97.76,97.618,97.681,97.723,97.485,97.644,97.685,97.523
541.45,97.61,97.765,97.612,97.681,97.725,97.488,97.655,97.704,97.523
541.5,97.61,97.772,97.609,97.673,97.733,97.504,97.675,97.717,97.527
541.55,97.606,97.787,97.598,97.681,97.743,97.513,97.696,97.725,97.53
541.6,97.598,97.786,97.594,97.676,97.751,97.514,97.696,97.742,97.531
541.65,97.594,97.792,97.586,97.67,97.774,97.514,97.708,97.748,97.523
541.7,97.585,97.798,97.578,97.67,97.777,97.516,97.713,97.762,97.519
541.75,97.578,97.804,97.569,97.664,97.791,97.522,97.711,97.763,97.508
541.8,97.572,97.821,97.563,97.643,97.784,97.527,97.731,97.781,97.502
541.85,97.563,97.826,97.556,97.636,97.801,97.516,97.751,97.792,97.507
541.9,97.537,97.818,97.54,97.626,97.807,97.527,97.763,97.792,97.502
541.95,97.531,97.816,97.52,97.621,97.801,97.517,97.769,97.798,97.484
542,97.522,97.812,97.511,97.609,97.803,97.508,97.78,97.803,97.484
542.05,97.516,97.801,97.507,97.606,97.8,97.511,97.789,97.806,97.473
542.1,97.504,97.8,97.478,97.592,97.787,97.499,97.797,97.81,97.47
542.15,97.485,97.791,97.462,97.586,97.786,97.495,97.807,97.812,97.464
542.2,97.462,97.787,97.45,97.569,97.781,97.493,97.815,97.821,97.447
542.25,97.45,97.781,97.446,97.563,97.765,97.49,97.832,97.818,97.435
542.3,97.44,97.768,97.433,97.554,97.754,97.473,97.827,97.823,97.423
542.35,97.433,97.757,97.43,97.548,97.749,97.466,97.812,97.821,97.415
542.4,97.421,97.752,97.404,97.527,97.742,97.452,97.812,97.816,97.404
542.45,97.417,97.736,97.382,97.507,97.722,97.438,97.812,97.816,97.401
542.5,97.412,97.725,97.366,97.488,97.716,97.427,97.806,97.807,97.383
542.55,97.403,97.71,97.356,97.487,97.701,97.404,97.798,97.81,97.377
542.6,97.394,97.697,97.336,97.481,97.697,97.388,97.789,97.8,97.368
542.65,97.397,97.687,97.327,97.469,97.678,97.377,97.777,97.794,97.342
542.7,97.404,97.681,97.321,97.449,97.659,97.354,97.76,97.789,97.334
542.75,97.397,97.662,97.314,97.435,97.649,97.351,97.749,97.777,97.334
542.8,97.383,97.643,97.308,97.423,97.639,97.345,97.745,97.775,97.322
542.85,97.377,97.636,97.302,97.414,97.626,97.322,97.731,97.755,97.31
542.9,97.374,97.617,97.311,97.412,97.609,97.314,97.719,97.754,97.307
542.95,97.372,97.614,97.311,97.406,97.595,97.29,97.714,97.752,97.308
543,97.371,97.603,97.31,97.401,97.583,97.276,97.697,97.729,97.321
543.05,97.375,97.592,97.299,97.394,97.577,97.263,97.672,97.716,97.322
543.1,97.374,97.588,97.305,97.38,97.56,97.253,97.662,97.69,97.319
543.15,97.363,97.586,97.298,97.377,97.546,97.247,97.665,97.682,97.31
543.2,97.366,97.577,97.304,97.374,97.531,97.238,97.658,97.673,97.316
543.25,97.371,97.574,97.314,97.375,97.517,97.224,97.646,97.668,97.319
543.3,97.368,97.563,97.324,97.374,97.507,97.214,97.633,97.655,97.316
543.35,97.377,97.557,97.336,97.38,97.501,97.205,97.63,97.644,97.325
543.4,97.38,97.543,97.336,97.383,97.488,97.195,97.62,97.632,97.327
543.45,97.386,97.536,97.333,97.389,97.485,97.192,97.603,97.624,97.337
543.5,97.394,97.531,97.346,97.411,97.488,97.191,97.588,97.615,97.342
543.55,97.403,97.53,97.354,97.415,97.487,97.186,97.577,97.61,97.348
543.6,97.421,97.525,97.356,97.412,97.472,97.179,97.563,97.58,97.356
543.65,97.424,97.531,97.365,97.414,97.479,97.185,97.548,97.583,97.374
543.7,97.444,97.542,97.363,97.417,97.484,97.194,97.543,97.568,97.386
543.75,97.45,97.54,97.363,97.421,97.481,97.202,97.53,97.551,97.388
543.8,97.461,97.543,97.363,97.421,97.482,97.211,97.519,97.56,97.366
543.85,97.467,97.542,97.363,97.423,97.487,97.212,97.507,97.565,97.377
543.9,97.476,97.556,97.363,97.438,97.488,97.22,97.493,97.565,97.386
543.95,97.484,97.557,97.379,97.433,97.482,97.215,97.488,97.557,97.398
544,97.491,97.572,97.385,97.44,97.491,97.221,97.482,97.557,97.4
544.05,97.496,97.581,97.388,97.447,97.491,97.24,97.476,97.565,97.395
544.1,97.495,97.594,97.394,97.458,97.507,97.249,97.482,97.575,97.409
544.15,97.49,97.595,97.389,97.452,97.514,97.275,97.478,97.575,97.411
544.2,97.493,97.598,97.4,97.45,97.52,97.292,97.478,97.588,97.42
544.25,97.488,97.607,97.417,97.453,97.519,97.305,97.488,97.589,97.426
544.3,97.481,97.614,97.417,97.437,97.519,97.321,97.513,97.601,97.426
544.35,97.469,97.624,97.423,97.443,97.525,97.339,97.52,97.604,97.427
544.4,97.456,97.641,97.421,97.449,97.549,97.368,97.519,97.63,97.414
544.45,97.453,97.638,97.415,97.444,97.546,97.366,97.534,97.635,97.398
544.5,97.433,97.638,97.423,97.444,97.554,97.372,97.543,97.649,97.391
544.55,97.421,97.639,97.42,97.435,97.565,97.392,97.557,97.656,97.383
544.6,97.415,97.633,97.42,97.427,97.571,97.395,97.574,97.655,97.389
544.65,97.397,97.636,97.426,97.424,97.581,97.414,97.595,97.661,97.372
544.7,97.382,97.618,97.423,97.417,97.589,97.427,97.615,97.667,97.357
544.75,97.366,97.607,97.406,97.403,97.606,97.444,97.623,97.691,97.351
544.8,97.346,97.607,97.403,97.398,97.61,97.45,97.636,97.691,97.327
544.85,97.324,97.595,97.397,97.382,97.624,97.467,97.656,97.691,97.314
544.9,97.299,97.585,97.377,97.357,97.627,97.467,97.664,97.688,97.282
544.95,97.276,97.589,97.365,97.339,97.62,97.472,97.685,97.685,97.253
545,97.25,97.594,97.348,97.324,97.627,97.479,97.69,97.685,97.215
545.05,97.224,97.574,97.325,97.298,97.623,97.481,97.699,97.681,97.188
545.1,97.209,97.559,97.305,97.282,97.615,97.484,97.705,97.673,97.16
545.15,97.185,97.543,97.284,97.252,97.607,97.478,97.722,97.67,97.121
545.2,97.151,97.52,97.266,97.234,97.595,97.467,97.739,97.659,97.087
545.25,97.122,97.508,97.249,97.212,97.585,97.462,97.754,97.646,97.049
545.3,97.099,97.482,97.218,97.182,97.568,97.453,97.754,97.633,96.997
545.35,97.064,97.466,97.197,97.154,97.554,97.444,97.755,97.623,96.948
545.4,97.011,97.44,97.18,97.133,97.537,97.432,97.76,97.615,96.915
545.45,96.977,97.414,97.153,97.089,97.525,97.415,97.752,97.601,96.877
545.5,96.935,97.401,97.127,97.055,97.51,97.389,97.749,97.585,96.832
545.55,96.893,97.377,97.102,97.02,97.473,97.368,97.746,97.546,96.78
545.6,96.852,97.34,97.064,96.991,97.45,97.348,97.746,97.523,96.738
545.65,96.82,97.313,97.037,96.953,97.417,97.304,97.74,97.496,96.7
545.7,96.796,97.276,97.015,96.924,97.377,97.278,97.734,97.478,96.672
545.75,96.758,97.238,96.983,96.902,97.353,97.247,97.711,97.458,96.637
545.8,96.725,97.2,96.957,96.866,97.314,97.206,97.71,97.42,96.596
545.85,96.7,97.177,96.931,96.832,97.282,97.176,97.701,97.391,96.553
545.9,96.664,97.148,96.889,96.797,97.25,97.118,97.673,97.357,96.507
545.95,96.638,97.118,96.851,96.77,97.221,97.081,97.641,97.331,96.463
546,96.613,97.09,96.82,96.73,97.182,97.037,97.612,97.296,96.429
546.05,96.593,97.041,96.793,96.693,97.142,96.996,97.586,97.275,96.408
546.1,96.561,97.017,96.771,96.66,97.118,96.956,97.566,97.232,96.39
546.15,96.545,96.983,96.735,96.631,97.083,96.912,97.54,97.191,96.359
546.2,96.533,96.962,96.696,96.593,97.06,96.88,97.505,97.151,96.327
546.25,96.519,96.931,96.672,96.587,97.008,96.838,97.472,97.099,96.306
546.3,96.518,96.887,96.649,96.561,96.973,96.805,97.444,97.058,96.284
546.35,96.512,96.863,96.623,96.542,96.95,96.765,97.415,97.025,96.262
546.4,96.509,96.826,96.602,96.512,96.921,96.724,97.377,96.994,96.245
546.45,96.5,96.794,96.571,96.506,96.886,96.695,97.34,96.951,96.225
546.5,96.484,96.773,96.555,96.489,96.861,96.677,97.308,96.898,96.213
546.55,96.472,96.742,96.542,96.454,96.843,96.64,97.273,96.846,96.201
546.6,96.472,96.707,96.523,96.434,96.82,96.606,97.232,96.814,96.208
546.65,96.465,96.674,96.504,96.439,96.8,96.567,97.197,96.77,96.213
546.7,96.454,96.643,96.492,96.425,96.776,96.555,97.162,96.729,96.216
546.75,96.457,96.606,96.487,96.404,96.751,96.532,97.128,96.692,96.213
546.8,96.458,96.579,96.477,96.387,96.725,96.51,97.093,96.66,96.223
546.85,96.451,96.562,96.469,96.382,96.712,96.497,97.055,96.62,96.228
546.9,96.457,96.536,96.461,96.384,96.687,96.48,97.012,96.6,96.239
546.95,96.458,96.504,96.471,96.381,96.667,96.46,96.982,96.568,96.257
547,96.477,96.487,96.477,96.387,96.634,96.451,96.959,96.536,96.28
547.05,96.481,96.484,96.475,96.378,96.629,96.437,96.931,96.515,96.284
547.1,96.49,96.474,96.48,96.382,96.619,96.436,96.902,96.487,96.303
547.15,96.495,96.454,96.478,96.39,96.605,96.432,96.875,96.466,96.317
547.2,96.5,96.454,96.494,96.402,96.594,96.44,96.849,96.443,96.352
547.25,96.527,96.446,96.512,96.402,96.599,96.443,96.828,96.423,96.375
547.3,96.542,96.44,96.521,96.416,96.594,96.437,96.805,96.405,96.387
547.35,96.571,96.443,96.53,96.432,96.579,96.436,96.796,96.399,96.41
547.4,96.587,96.439,96.548,96.449,96.579,96.457,96.768,96.385,96.426
547.45,96.606,96.432,96.558,96.457,96.593,96.472,96.748,96.376,96.442
547.5,96.623,96.44,96.577,96.468,96.596,96.492,96.748,96.362,96.478
547.55,96.631,96.46,96.602,96.495,96.593,96.512,96.735,96.353,96.521
547.6,96.658,96.458,96.619,96.519,96.599,96.532,96.73,96.353,96.545
547.65,96.68,96.463,96.638,96.547,96.614,96.565,96.716,96.355,96.581
547.7,96.707,96.474,96.661,96.571,96.631,96.587,96.722,96.353,96.611
547.75,96.725,96.484,96.669,96.599,96.646,96.613,96.719,96.349,96.648
547.8,96.724,96.484,96.687,96.609,96.669,96.634,96.712,96.361,96.677
547.85,96.756,96.484,96.712,96.632,96.683,96.669,96.716,96.371,96.715
547.9,96.768,96.506,96.733,96.654,96.695,96.687,96.718,96.393,96.742
547.95,96.797,96.524,96.758,96.681,96.71,96.729,96.724,96.397,96.785
548,96.823,96.532,96.779,96.701,96.729,96.754,96.732,96.408,96.806
548.05,96.822,96.558,96.797,96.725,96.732,96.783,96.741,96.419,96.831
548.1,96.843,96.568,96.82,96.742,96.751,96.822,96.747,96.443,96.863
548.15,96.851,96.587,96.829,96.768,96.771,96.864,96.744,96.461,96.884
548.2,96.861,96.62,96.844,96.797,96.794,96.898,96.765,96.474,96.91
548.25,96.869,96.652,96.864,96.806,96.806,96.93,96.774,96.506,96.938
548.3,96.881,96.68,96.887,96.829,96.822,96.95,96.774,96.524,96.953
548.35,96.902,96.689,96.902,96.844,96.851,96.977,96.797,96.555,96.964
548.4,96.91,96.722,96.921,96.867,96.884,97.008,96.819,96.565,96.989
548.45,96.915,96.75,96.928,96.878,96.898,97.029,96.849,96.585,96.999
548.5,96.915,96.761,96.942,96.883,96.918,97.058,96.867,96.608,97.006
548.55,96.93,96.79,96.962,96.883,96.933,97.09,96.886,96.649,97.014
548.6,96.953,96.82,96.977,96.904,96.951,97.11,96.915,96.674,97.021
548.65,96.944,96.844,96.983,96.918,96.96,97.131,96.942,96.703,97.028
548.7,96.945,96.861,96.988,96.933,96.988,97.154,96.973,96.73,97.04
548.75,96.942,96.877,97.002,96.939,97.008,97.169,96.996,96.762,97.044
548.8,96.938,96.909,97.009,96.948,97.029,97.183,97.015,96.797,97.044
548.85,96.935,96.921,97.014,96.942,97.057,97.203,97.04,96.838,97.06
548.9,96.924,96.959,97.012,96.95,97.072,97.209,97.064,96.869,97.061
548.95,96.924,96.976,97.026,96.954,97.095,97.226,97.095,96.907,97.058
549,96.913,96.983,97.026,96.948,97.105,97.237,97.124,96.954,97.067
549.05,96.907,96.989,97.026,96.944,97.118,97.25,97.159,96.986,97.067
549.1,96.906,96.989,97.02,96.948,97.136,97.261,97.189,97.014,97.066
549.15,96.887,97.018,97.012,96.941,97.147,97.26,97.208,97.034,97.067
549.2,96.878,97.031,97.008,96.933,97.147,97.263,97.234,97.069,97.049
549.25,96.855,97.041,96.994,96.919,97.159,97.276,97.255,97.099,97.037
549.3,96.828,97.063,96.985,96.921,97.163,97.278,97.275,97.121,97.034
549.35,96.793,97.073,96.983,96.921,97.174,97.276,97.304,97.141,97.008
549.4,96.764,97.081,96.954,96.91,97.176,97.273,97.324,97.168,96.994
549.45,96.739,97.078,96.942,96.88,97.189,97.261,97.348,97.185,96.98
549.5,96.709,97.084,96.919,96.857,97.176,97.263,97.374,97.203,96.951
549.55,96.671,97.089,96.893,96.837,97.171,97.247,97.388,97.221,96.928
549.6,96.638,97.081,96.855,96.811,97.173,97.244,97.408,97.24,96.895
549.65,96.6,97.079,96.832,96.8,97.162,97.237,97.427,97.249,96.848
549.7,96.571,97.052,96.809,96.764,97.15,97.221,97.45,97.263,96.809
549.75,96.539,97.037,96.776,96.732,97.134,97.194,97.466,97.275,96.783
549.8,96.506,97.034,96.736,96.703,97.112,97.168,97.482,97.276,96.727
549.85,96.465,97.037,96.701,96.68,97.096,97.144,97.482,97.284,96.675
549.9,96.416,97.018,96.663,96.645,97.073,97.118,97.499,97.301,96.629
549.95,96.382,96.994,96.625,96.617,97.049,97.098,97.507,97.299,96.581
550,96.332,96.971,96.584,96.581,97.034,97.066,97.513,97.302,96.539
550.05,96.292,96.945,96.544,96.545,97.003,97.015,97.52,97.29,96.497
550.1,96.255,96.921,96.497,96.49,96.965,96.976,97.517,97.293,96.448
550.15,96.217,96.893,96.436,96.442,96.939,96.927,97.52,97.281,96.419
550.2,96.169,96.852,96.396,96.402,96.907,96.89,97.51,97.266,96.358
550.25,96.115,96.832,96.339,96.376,96.872,96.848,97.495,97.247,96.3
550.3,96.068,96.799,96.289,96.335,96.841,96.796,97.478,97.221,96.257
550.35,96.025,96.759,96.233,96.3,96.808,96.753,97.459,97.203,96.205
550.4,95.973,96.721,96.191,96.248,96.754,96.698,97.444,97.183,96.162
550.45,95.932,96.683,96.126,96.205,96.706,96.638,97.42,97.157,96.12
550.5,95.889,96.649,96.069,96.158,96.661,96.581,97.391,97.124,96.082
550.55,95.836,96.608,96.024,96.103,96.606,96.529,97.359,97.086,96.04
550.6,95.793,96.558,95.978,96.057,96.565,96.478,97.324,97.043,96.001
550.65,95.761,96.503,95.927,96.005,96.512,96.42,97.29,96.991,95.955
550.7,95.72,96.468,95.88,95.963,96.461,96.355,97.255,96.95,95.914
550.75,95.679,96.42,95.842,95.917,96.428,96.295,97.226,96.913,95.874
550.8,95.634,96.368,95.792,95.863,96.371,96.24,97.174,96.87,95.837
550.85,95.609,96.32,95.749,95.827,96.326,96.191,97.121,96.835,95.796
550.9,95.57,96.271,95.711,95.786,96.283,96.132,97.081,96.779,95.757
550.95,95.541,96.22,95.673,95.749,96.227,96.083,97.029,96.736,95.711
551,95.522,96.184,95.634,95.702,96.182,96.027,96.979,96.69,95.682
551.05,95.5,96.132,95.607,95.662,96.121,95.976,96.93,96.64,95.663
551.1,95.485,96.072,95.573,95.63,96.08,95.934,96.88,96.593,95.628
551.15,95.464,96.033,95.554,95.59,96.037,95.891,96.835,96.533,95.596
551.2,95.441,95.987,95.52,95.566,96.01,95.848,96.774,96.481,95.567
551.25,95.421,95.935,95.509,95.537,95.973,95.804,96.725,96.428,95.54
551.3,95.401,95.889,95.483,95.52,95.94,95.773,96.671,96.382,95.517
551.35,95.389,95.856,95.459,95.5,95.917,95.74,96.629,96.329,95.482
551.4,95.372,95.824,95.442,95.479,95.882,95.702,96.577,96.281,95.473
551.45,95.337,95.784,95.424,95.467,95.848,95.667,96.526,96.236,95.465
551.5,95.319,95.737,95.392,95.442,95.818,95.638,96.46,96.187,95.457
551.55,95.293,95.711,95.36,95.422,95.772,95.61,96.41,96.133,95.442
551.6,95.277,95.686,95.345,95.418,95.741,95.58,96.368,96.083,95.424
551.65,95.255,95.66,95.331,95.395,95.708,95.555,96.324,96.034,95.413
551.7,95.235,95.634,95.317,95.395,95.68,95.535,96.275,96.005,95.401
551.75,95.203,95.616,95.305,95.38,95.653,95.506,96.23,95.969,95.386
551.8,95.183,95.593,95.294,95.369,95.625,95.496,96.196,95.934,95.374
551.85,95.164,95.561,95.277,95.354,95.616,95.486,96.15,95.906,95.354
551.9,95.134,95.555,95.265,95.341,95.587,95.47,96.101,95.879,95.354
551.95,95.103,95.547,95.245,95.319,95.567,95.454,96.06,95.857,95.341
552,95.088,95.528,95.235,95.297,95.537,95.444,96.031,95.824,95.329
552.05,95.067,95.515,95.218,95.276,95.525,95.435,95.996,95.804,95.308
552.1,95.036,95.493,95.201,95.248,95.506,95.424,95.959,95.778,95.287
552.15,95.004,95.47,95.181,95.232,95.483,95.41,95.924,95.758,95.285
552.2,94.975,95.445,95.161,95.209,95.47,95.406,95.895,95.744,95.265
552.25,94.96,95.428,95.145,95.178,95.453,95.406,95.866,95.729,95.242
552.3,94.933,95.416,95.135,95.152,95.433,95.407,95.85,95.715,95.218
552.35,94.901,95.384,95.131,95.119,95.419,95.403,95.825,95.712,95.197
552.4,94.865,95.364,95.114,95.094,95.404,95.393,95.813,95.699,95.172
552.45,94.826,95.34,95.091,95.076,95.389,95.389,95.795,95.688,95.149
552.5,94.792,95.314,95.065,95.044,95.374,95.39,95.779,95.668,95.12
552.55,94.76,95.293,95.044,95.01,95.357,95.404,95.77,95.644,95.105
552.6,94.719,95.261,95.02,94.981,95.338,95.404,95.744,95.618,95.084
552.65,94.672,95.247,94.992,94.939,95.319,95.389,95.732,95.598,95.052
552.7,94.63,95.218,94.963,94.896,95.305,95.389,95.728,95.57,95.009
552.75,94.594,95.186,94.936,94.865,95.274,95.381,95.711,95.544,94.98
552.8,94.553,95.158,94.902,94.821,95.247,95.37,95.706,95.523,94.942
552.85,94.492,95.123,94.865,94.777,95.227,95.355,95.689,95.493,94.911
552.9,94.44,95.096,94.841,94.742,95.206,95.346,95.686,95.462,94.864
552.95,94.379,95.067,94.807,94.695,95.18,95.335,95.671,95.436,94.81
553,94.315,95.035,94.766,94.641,95.151,95.313,95.657,95.41,94.751
553.05,94.243,94.994,94.727,94.594,95.12,95.288,95.65,95.374,94.702
553.1,94.17,94.951,94.679,94.55,95.082,95.273,95.642,95.335,94.637
553.15,94.109,94.907,94.627,94.502,95.047,95.255,95.634,95.293,94.569
553.2,94.041,94.862,94.566,94.431,95.009,95.239,95.616,95.253,94.502
553.25,93.97,94.815,94.518,94.362,94.971,95.21,95.601,95.21,94.421
553.3,93.892,94.765,94.453,94.293,94.923,95.177,95.575,95.168,94.339
553.35,93.816,94.71,94.391,94.231,94.881,95.14,95.555,95.125,94.249
553.4,93.733,94.658,94.318,94.164,94.83,95.093,95.544,95.093,94.154
553.45,93.654,94.592,94.257,94.09,94.777,95.058,95.535,95.058,94.048
553.5,93.562,94.525,94.185,94.014,94.73,95.001,95.508,95.01,93.951
553.55,93.462,94.452,94.113,93.925,94.681,94.937,95.491,94.962,93.834
553.6,93.349,94.385,94.032,93.845,94.627,94.864,95.464,94.908,93.727
553.65,93.246,94.315,93.935,93.759,94.56,94.803,95.435,94.853,93.605
553.7,93.134,94.238,93.837,93.666,94.484,94.734,95.403,94.81,93.486
553.75,93.013,94.157,93.739,93.57,94.415,94.664,95.364,94.757,93.359
553.8,92.863,94.084,93.64,93.471,94.348,94.582,95.34,94.69,93.224
553.85,92.709,94.005,93.535,93.364,94.284,94.501,95.313,94.632,93.073
553.9,92.54,93.922,93.422,93.24,94.211,94.409,95.271,94.574,92.918
553.95,92.339,93.832,93.298,93.109,94.133,94.305,95.227,94.508,92.757
554,92.123,93.742,93.182,92.978,94.06,94.191,95.192,94.447,92.574
554.05,91.878,93.651,93.051,92.821,93.974,94.083,95.143,94.376,92.386
554.1,91.609,93.549,92.897,92.648,93.889,93.974,95.099,94.299,92.178
554.15,91.306,93.449,92.734,92.459,93.805,93.849,95.039,94.221,91.949
554.2,90.953,93.349,92.558,92.241,93.707,93.721,94.98,94.131,91.699
554.25,90.567,93.239,92.348,92.015,93.605,93.591,94.917,94.037,91.431
554.3,90.132,93.121,92.123,91.751,93.488,93.454,94.855,93.939,91.127
554.35,89.659,92.998,91.862,91.457,93.373,93.312,94.781,93.843,90.808
554.4,89.14,92.867,91.576,91.124,93.25,93.175,94.708,93.744,90.446
554.45,88.56,92.723,91.266,90.752,93.114,93.027,94.632,93.642,90.056
554.5,87.947,92.563,90.91,90.349,92.973,92.863,94.556,93.523,89.626
554.55,87.267,92.383,90.515,89.894,92.813,92.685,94.478,93.399,89.151
554.6,86.552,92.168,90.071,89.389,92.632,92.499,94.376,93.282,88.634
554.65,85.773,91.934,89.592,88.841,92.422,92.296,94.275,93.147,88.071
554.7,84.938,91.678,89.066,88.255,92.21,92.072,94.174,92.996,87.477
554.75,84.044,91.388,88.487,87.611,91.953,91.83,94.067,92.851,86.824
554.8,83.09,91.063,87.849,86.9,91.663,91.58,93.935,92.693,86.124
554.85,82.083,90.704,87.16,86.156,91.341,91.289,93.817,92.522,85.367
554.9,81.013,90.305,86.427,85.347,90.99,90.968,93.695,92.342,84.561
554.95,79.893,89.856,85.632,84.477,90.594,90.619,93.561,92.145,83.707
555,78.717,89.366,84.781,83.559,90.16,90.234,93.423,91.931,82.803
555.05,77.481,88.831,83.885,82.588,89.674,89.812,93.26,91.693,81.837
555.1,76.192,88.237,82.925,81.561,89.145,89.357,93.102,91.44,80.821
555.15,74.849,87.598,81.912,80.481,88.562,88.858,92.937,91.154,79.753
555.2,73.453,86.9,80.853,79.352,87.929,88.31,92.761,90.84,78.642
555.25,72.014,86.153,79.735,78.162,87.239,87.712,92.572,90.497,77.481
555.3,70.5,85.349,78.56,76.907,86.507,87.07,92.365,90.118,76.266
555.35,68.944,84.5,77.341,75.607,85.713,86.378,92.139,89.7,74.992
555.4,67.334,83.591,76.06,74.26,84.862,85.643,91.899,89.243,73.68
555.45,65.674,82.634,74.716,72.858,83.965,84.856,91.628,88.748,72.319
555.5,63.965,81.612,73.323,71.385,83.002,84.021,91.336,88.211,70.891
555.55,62.225,80.537,71.872,69.867,81.995,83.134,91,87.619,69.421
555.6,60.439,79.407,70.384,68.311,80.934,82.188,90.646,86.974,67.905
555.65,58.612,78.226,68.834,66.689,79.808,81.195,90.244,86.269,66.335
555.7,56.76,76.988,67.229,65.03,78.629,80.151,89.804,85.526,64.726
555.75,54.872,75.699,65.587,63.319,77.394,79.066,89.328,84.74,63.065
555.8,52.972,74.348,63.893,61.569,76.114,77.93,88.802,83.887,61.362
555.85,51.056,72.952,62.154,59.769,74.788,76.73,88.242,82.99,59.621
555.9,49.133,71.5,60.376,57.941,73.399,75.478,87.633,82.045,57.858
555.95,47.203,69.994,58.562,56.082,71.953,74.185,86.966,81.041,56.047
556,45.268,68.436,56.711,54.201,70.454,72.844,86.252,79.985,54.208
556.05,43.344,66.835,54.845,52.298,68.91,71.445,85.487,78.874,52.345
556.1,41.435,65.181,52.95,50.383,67.313,69.992,84.673,77.722,50.471
556.15,39.543,63.477,51.036,48.459,65.671,68.501,83.81,76.524,48.599
556.2,37.68,61.742,49.121,46.538,63.986,66.968,82.889,75.276,46.718
556.25,35.849,59.964,47.205,44.614,62.26,65.387,81.915,73.972,44.83
556.3,34.056,58.153,45.293,42.711,60.495,63.763,80.896,72.617,42.955
556.35,32.3,56.32,43.391,40.822,58.702,62.091,79.831,71.231,41.089
556.4,30.583,54.457,41.496,38.957,56.86,60.384,78.716,69.791,39.247
556.45,28.918,52.577,39.624,37.117,55.013,58.644,77.556,68.315,37.436
556.5,27.298,50.674,37.781,35.312,53.139,56.865,76.35,66.783,35.643
556.55,25.729,48.767,35.96,33.539,51.247,55.057,75.095,65.201,33.893
556.6,24.216,46.857,34.177,31.807,49.348,53.226,73.788,63.586,32.176
556.65,22.751,44.946,32.431,30.116,47.44,51.381,72.432,61.926,30.507
556.7,21.339,43.051,30.722,28.474,45.532,49.525,71.027,60.228,28.874
556.75,19.983,41.164,29.066,26.88,43.642,47.655,69.588,58.492,27.293
556.8,18.677,39.304,27.458,25.325,41.763,45.782,68.098,56.732,25.757
556.85,17.427,37.463,25.893,23.83,39.902,43.921,66.553,54.942,24.271
556.9,16.231,35.652,24.384,22.388,38.062,42.067,64.957,53.131,22.833
556.95,15.097,33.878,22.92,20.995,36.249,40.221,63.321,51.292,21.442
557,14.015,32.143,21.507,19.658,34.47,38.391,61.649,49.434,20.1
557.05,12.988,30.446,20.145,18.373,32.719,36.589,59.94,47.581,18.814
557.1,12.018,28.793,18.835,17.14,31.018,34.819,58.183,45.729,17.578
557.15,11.098,27.187,17.583,15.962,29.355,33.089,56.395,43.861,16.397
557.2,10.237,25.632,16.377,14.835,27.74,31.389,54.585,42.018,15.266
557.25,9.427,24.117,15.231,13.765,26.169,29.73,52.74,40.186,14.186
557.3,8.675,22.667,14.142,12.747,24.651,28.122,50.883,38.376,13.164
557.35,7.971,21.265,13.107,11.792,23.183,26.552,49.017,36.588,12.19
557.4,7.321,19.916,12.126,10.889,21.768,25.035,47.141,34.831,11.27
557.45,6.721,18.625,11.201,10.037,20.401,23.567,45.267,33.11,10.405
557.5,6.175,17.383,10.336,9.242,19.093,22.147,43.399,31.422,9.589
557.55,5.673,16.196,9.52,8.498,17.834,20.779,41.533,29.776,8.827
557.6,5.22,15.063,8.755,7.814,16.632,19.463,39.68,28.171,8.116
557.65,4.81,13.986,8.046,7.179,15.485,18.193,37.857,26.611,7.457
557.7,4.442,12.964,7.388,6.593,14.389,16.983,36.06,25.095,6.844
557.75,4.111,11.995,6.784,6.058,13.351,15.822,34.29,23.633,6.279
557.8,3.815,11.079,6.23,5.566,12.364,14.714,32.561,22.218,5.763
557.85,3.552,10.22,5.722,5.121,11.433,13.654,30.869,20.851,5.296
557.9,3.319,9.415,5.263,4.72,10.556,12.648,29.216,19.533,4.871
557.95,3.114,8.664,4.843,4.358,9.727,11.694,27.62,18.268,4.488
558,2.934,7.964,4.469,4.033,8.96,10.796,26.068,17.053,4.143
558.05,2.776,7.318,4.134,3.748,8.247,9.95,24.564,15.894,3.836
558.1,2.635,6.723,3.835,3.491,7.582,9.157,23.111,14.786,3.566
558.15,2.512,6.177,3.568,3.267,6.972,8.417,21.707,13.734,3.325
558.2,2.402,5.678,3.333,3.067,6.404,7.727,20.358,12.73,3.111
558.25,2.303,5.223,3.123,2.892,5.888,7.091,19.06,11.778,2.924
558.3,2.216,4.813,2.94,2.737,5.418,6.508,17.81,10.884,2.759
558.35,2.136,4.445,2.779,2.602,4.993,5.971,16.617,10.046,2.614
558.4,2.065,4.118,2.638,2.483,4.61,5.484,15.471,9.258,2.489
558.45,1.997,3.824,2.515,2.376,4.263,5.046,14.388,8.524,2.376
558.5,1.936,3.564,2.403,2.28,3.957,4.645,13.358,7.837,2.275
558.55,1.88,3.336,2.304,2.196,3.683,4.291,12.379,7.202,2.188
558.6,1.826,3.133,2.216,2.116,3.442,3.972,11.453,6.619,2.109
558.65,1.778,2.953,2.136,2.048,3.229,3.69,10.579,6.084,2.036
558.7,1.729,2.795,2.063,1.984,3.038,3.439,9.76,5.594,1.971
558.75,1.683,2.657,1.996,1.924,2.872,3.22,8.992,5.148,1.91
558.8,1.639,2.533,1.935,1.869,2.725,3.026,8.275,4.745,1.854
558.85,1.596,2.426,1.878,1.816,2.594,2.855,7.614,4.384,1.801
558.9,1.555,2.327,1.825,1.765,2.48,2.704,6.995,4.059,1.75
558.95,1.515,2.238,1.775,1.718,2.373,2.573,6.429,3.767,1.703
559,1.476,2.159,1.727,1.674,2.28,2.457,5.907,3.51,1.657
559.05,1.439,2.087,1.68,1.631,2.197,2.351,5.432,3.282,1.614
559.1,1.402,2.022,1.636,1.588,2.122,2.26,5.003,3.081,1.573
559.15,1.367,1.961,1.593,1.547,2.054,2.177,4.616,2.904,1.532
559.2,1.332,1.903,1.552,1.509,1.99,2.104,4.266,2.748,1.494
559.25,1.299,1.849,1.512,1.471,1.93,2.034,3.957,2.609,1.456
559.3,1.266,1.799,1.474,1.436,1.874,1.971,3.679,2.489,1.419
559.35,1.234,1.75,1.437,1.399,1.822,1.912,3.435,2.38,1.384
559.4,1.202,1.704,1.402,1.364,1.773,1.857,3.217,2.284,1.349
559.45,1.172,1.662,1.366,1.329,1.726,1.805,3.027,2.197,1.315
559.5,1.141,1.619,1.332,1.295,1.682,1.756,2.859,2.119,1.282
559.55,1.112,1.579,1.299,1.263,1.639,1.709,2.713,2.051,1.25
559.6,1.083,1.54,1.266,1.231,1.596,1.665,2.582,1.985,1.219
559.65,1.056,1.5,1.234,1.199,1.556,1.624,2.466,1.927,1.189
559.7,1.028,1.462,1.202,1.17,1.517,1.584,2.364,1.871,1.158
559.75,1.003,1.425,1.172,1.138,1.48,1.543,2.272,1.817,1.128
559.8,0.975,1.39,1.141,1.111,1.443,1.505,2.191,1.768,1.1
559.85,0.951,1.355,1.112,1.082,1.408,1.468,2.116,1.721,1.071
559.9,0.925,1.321,1.083,1.054,1.373,1.433,2.049,1.675,1.044
559.95,0.9,1.288,1.057,1.027,1.338,1.396,1.985,1.633,1.016
560,0.876,1.256,1.03,1.001,1.306,1.363,1.927,1.591,0.99
560.05,0.853,1.225,1.004,0.975,1.273,1.328,1.874,1.55,0.964
560.1,0.83,1.195,0.977,0.949,1.241,1.294,1.822,1.511,0.94
560.15,0.807,1.164,0.951,0.923,1.208,1.262,1.775,1.474,0.916
560.2,0.786,1.134,0.926,0.9,1.178,1.231,1.727,1.437,0.891
560.25,0.764,1.106,0.902,0.876,1.147,1.201,1.683,1.402,0.868
560.3,0.743,1.077,0.879,0.853,1.12,1.17,1.64,1.367,0.845
560.35,0.723,1.05,0.854,0.83,1.089,1.141,1.599,1.335,0.822
560.4,0.703,1.022,0.832,0.807,1.062,1.112,1.558,1.302,0.8
560.45,0.685,0.996,0.81,0.786,1.035,1.083,1.52,1.268,0.778
560.5,0.665,0.97,0.789,0.764,1.009,1.056,1.482,1.237,0.757
560.55,0.648,0.946,0.768,0.745,0.983,1.028,1.447,1.207,0.737
560.6,0.63,0.922,0.746,0.723,0.958,1.003,1.411,1.176,0.717
560.65,0.612,0.897,0.726,0.703,0.932,0.977,1.376,1.146,0.697
560.7,0.595,0.873,0.706,0.684,0.909,0.951,1.343,1.117,0.679
560.75,0.578,0.85,0.687,0.665,0.885,0.926,1.311,1.089,0.661
560.8,0.563,0.827,0.668,0.647,0.861,0.902,1.279,1.062,0.642
560.85,0.546,0.804,0.65,0.629,0.839,0.879,1.248,1.035,0.626
560.9,0.531,0.783,0.633,0.612,0.816,0.858,1.218,1.01,0.607
560.95,0.516,0.763,0.615,0.595,0.795,0.835,1.187,0.984,0.591
561,0.502,0.742,0.598,0.578,0.774,0.812,1.158,0.958,0.574
561.05,0.488,0.72,0.581,0.562,0.754,0.79,1.129,0.934,0.558
561.1,0.475,0.702,0.565,0.548,0.732,0.769,1.102,0.909,0.542
561.15,0.461,0.682,0.549,0.533,0.714,0.749,1.073,0.887,0.526
561.2,0.449,0.664,0.534,0.517,0.694,0.728,1.047,0.864,0.513
561.25,0.435,0.647,0.519,0.504,0.676,0.71,1.021,0.842,0.497
561.3,0.423,0.629,0.504,0.49,0.659,0.69,0.995,0.819,0.484
561.35,0.41,0.61,0.49,0.476,0.641,0.671,0.97,0.798,0.47
561.4,0.4,0.594,0.476,0.462,0.623,0.653,0.945,0.777,0.458
561.45,0.389,0.578,0.464,0.45,0.606,0.635,0.92,0.757,0.444
561.5,0.377,0.563,0.45,0.438,0.589,0.616,0.897,0.737,0.432
561.55,0.366,0.548,0.438,0.424,0.572,0.6,0.873,0.717,0.42
561.6,0.357,0.533,0.426,0.412,0.557,0.583,0.85,0.697,0.407
561.65,0.346,0.517,0.412,0.4,0.542,0.568,0.827,0.679,0.395
561.7,0.337,0.504,0.401,0.389,0.526,0.551,0.806,0.661,0.385
561.75,0.327,0.49,0.389,0.377,0.511,0.536,0.784,0.642,0.374
561.8,0.317,0.476,0.378,0.366,0.497,0.52,0.764,0.624,0.363
561.85,0.308,0.462,0.368,0.356,0.484,0.505,0.743,0.607,0.352
561.9,0.299,0.45,0.357,0.346,0.47,0.491,0.723,0.591,0.342
561.95,0.29,0.438,0.348,0.336,0.458,0.478,0.705,0.574,0.333
562,0.282,0.424,0.337,0.325,0.444,0.465,0.685,0.558,0.323
562.05,0.273,0.412,0.328,0.316,0.432,0.452,0.667,0.543,0.313
562.1,0.266,0.401,0.319,0.307,0.42,0.439,0.648,0.528,0.305
562.15,0.258,0.389,0.31,0.298,0.406,0.427,0.63,0.513,0.296
562.2,0.249,0.378,0.301,0.288,0.394,0.415,0.613,0.499,0.287
562.25,0.241,0.368,0.291,0.279,0.383,0.404,0.597,0.485,0.279
562.3,0.235,0.357,0.284,0.272,0.372,0.392,0.581,0.471,0.27
562.35,0.227,0.348,0.275,0.264,0.363,0.381,0.565,0.458,0.262
562.4,0.22,0.337,0.267,0.256,0.352,0.369,0.549,0.446,0.255
562.45,0.214,0.328,0.259,0.249,0.342,0.359,0.534,0.432,0.247
562.5,0.206,0.317,0.25,0.241,0.333,0.349,0.519,0.42,0.241
562.55,0.2,0.308,0.244,0.233,0.323,0.339,0.505,0.407,0.233
562.6,0.194,0.299,0.237,0.227,0.313,0.33,0.49,0.397,0.226
562.65,0.188,0.29,0.229,0.22,0.304,0.32,0.478,0.385,0.218
562.7,0.182,0.282,0.221,0.214,0.294,0.311,0.464,0.374,0.212
562.75,0.175,0.273,0.215,0.208,0.285,0.302,0.45,0.363,0.206
562.8,0.169,0.266,0.208,0.201,0.276,0.293,0.438,0.352,0.2
562.85,0.165,0.256,0.201,0.195,0.269,0.284,0.426,0.343,0.194
562.9,0.159,0.249,0.195,0.189,0.261,0.275,0.414,0.333,0.186
562.95,0.154,0.241,0.189,0.183,0.253,0.266,0.401,0.323,0.18
563,0.148,0.233,0.183,0.177,0.246,0.258,0.391,0.314,0.174
563.05,0.143,0.226,0.177,0.171,0.238,0.25,0.378,0.304,0.168
563.1,0.139,0.22,0.171,0.165,0.23,0.243,0.368,0.294,0.163
563.15,0.134,0.212,0.165,0.16,0.223,0.237,0.357,0.287,0.157
563.2,0.13,0.206,0.16,0.154,0.215,0.229,0.346,0.278,0.153
563.25,0.125,0.2,0.154,0.15,0.209,0.221,0.336,0.27,0.146
563.3,0.121,0.194,0.15,0.143,0.203,0.215,0.327,0.261,0.142
563.35,0.116,0.188,0.145,0.14,0.195,0.208,0.316,0.253,0.137
563.4,0.111,0.182,0.14,0.134,0.191,0.201,0.307,0.246,0.133
563.45,0.108,0.175,0.136,0.13,0.185,0.195,0.298,0.238,0.128
563.5,0.104,0.169,0.131,0.125,0.179,0.188,0.288,0.23,0.124
563.55,0.099,0.163,0.127,0.122,0.172,0.183,0.279,0.223,0.119
563.6,0.096,0.159,0.122,0.117,0.168,0.175,0.27,0.217,0.116
563.65,0.093,0.153,0.117,0.113,0.162,0.169,0.262,0.209,0.111
563.7,0.089,0.148,0.113,0.108,0.157,0.165,0.255,0.203,0.107
563.75,0.085,0.143,0.108,0.105,0.151,0.159,0.247,0.197,0.104
563.8,0.082,0.137,0.105,0.101,0.146,0.154,0.24,0.191,0.101
563.85,0.078,0.133,0.101,0.098,0.142,0.148,0.232,0.185,0.096
563.9,0.076,0.128,0.098,0.093,0.137,0.143,0.224,0.179,0.093
563.95,0.073,0.124,0.093,0.09,0.131,0.139,0.218,0.172,0.09
564,0.069,0.119,0.09,0.087,0.128,0.134,0.211,0.168,0.085
564.05,0.066,0.116,0.087,0.084,0.124,0.13,0.204,0.162,0.082
564.1,0.063,0.111,0.084,0.081,0.119,0.124,0.198,0.157,0.079
564.15,0.061,0.107,0.081,0.078,0.114,0.121,0.192,0.151,0.076
564.2,0.058,0.104,0.078,0.073,0.111,0.116,0.186,0.146,0.073
564.25,0.055,0.099,0.073,0.07,0.107,0.111,0.18,0.142,0.07
564.3,0.052,0.096,0.072,0.067,0.102,0.108,0.174,0.137,0.067
564.35,0.05,0.092,0.069,0.064,0.099,0.104,0.169,0.133,0.064
564.4,0.047,0.089,0.066,0.063,0.096,0.101,0.163,0.128,0.061
564.45,0.046,0.084,0.063,0.06,0.092,0.098,0.157,0.124,0.06
564.5,0.043,0.081,0.06,0.056,0.089,0.093,0.153,0.119,0.056
564.55,0.041,0.078,0.058,0.053,0.085,0.09,0.146,0.114,0.053
564.6,0.04,0.076,0.055,0.052,0.082,0.087,0.142,0.11,0.052
564.65,0.037,0.073,0.053,0.049,0.079,0.084,0.137,0.105,0.049
564.7,0.035,0.07,0.05,0.047,0.076,0.081,0.133,0.102,0.046
564.75,0.034,0.069,0.049,0.046,0.073,0.079,0.128,0.099,0.044
564.8,0.031,0.066,0.047,0.044,0.07,0.076,0.125,0.096,0.043
564.85,0.031,0.064,0.044,0.043,0.069,0.075,0.122,0.093,0.041
564.9,0.029,0.063,0.043,0.041,0.067,0.073,0.119,0.092,0.04
564.95,0.027,0.061,0.043,0.04,0.064,0.072,0.116,0.089,0.038
565,0.026,0.06,0.041,0.04,0.063,0.07,0.113,0.087,0.037
