783,-0.085,-0.046,-0.006,-0.044,-0.029,0.017,-0.032
783.05,-0.067,-0.055,-0.012,-0.037,-0.029,0.018,-0.032
783.1,-0.056,-0.055,-0.009,-0.031,-0.038,0.027,-0.038
783.15,-0.04,-0.073,-0.017,-0.035,-0.04,0.032,-0.053
783.2,-0.024,-0.061,-0.029,-0.026,-0.047,0.026,-0.046
783.25,-0.038,-0.073,-0.021,-0.032,-0.043,0.006,-0.063
783.3,-0.046,-0.07,-0.041,-0.043,-0.037,-0.031,-0.058
783.35,-0.041,-0.085,-0.029,-0.049,-0.029,-0.035,-0.055
783.4,-0.043,-0.072,-0.024,-0.044,-0.031,-0.031,-0.024
783.45,-0.056,-0.066,-0.023,-0.041,-0.047,-0.034,-0.026
783.5,-0.07,-0.052,-0.029,-0.034,-0.04,-0.04,-0.023
783.55,-0.085,-0.032,-0.041,-0.021,-0.052,-0.041,-0.008
783.6,-0.081,-0.046,-0.035,-0.023,-0.05,-0.031,0
783.65,-0.069,-0.035,-0.027,-0.029,-0.06,-0.017,0.031
783.7,-0.075,-0.037,-0.011,-0.034,-0.072,-0.003,0.026
783.75,-0.073,-0.024,-0.011,-0.032,-0.067,0.002,0.034
783.8,-0.06,-0.032,-0.011,-0.04,-0.055,-0.009,0.041
783.85,-0.06,-0.014,-0.014,-0.029,-0.053,-0.005,0.04
783.9,-0.046,-0.037,-0.02,-0.027,-0.06,-0.011,0.041
783.95,-0.052,-0.029,-0.015,-0.023,-0.063,-0.024,0.05
784,-0.063,-0.024,-0.011,-0.024,-0.066,-0.018,0.024
784.05,-0.053,-0.026,-0.023,-0.012,-0.061,-0.023,0.005
784.1,-0.035,-0.037,-0.027,-0.011,-0.052,-0.012,0.006
784.15,-0.058,-0.027,-0.021,-0.012,-0.061,-0.015,0.014
784.2,-0.063,-0.032,-0.029,-0.011,-0.066,-0.006,0
784.25,-0.06,-0.046,-0.034,-0.015,-0.047,-0.006,-0.003
784.3,-0.06,-0.041,-0.018,-0.021,-0.049,0.002,0.008
784.35,-0.047,-0.035,-0.018,-0.038,-0.043,0.005,-0.009
784.4,-0.047,-0.027,-0.043,-0.031,-0.041,-0.011,0.009
784.45,-0.037,-0.038,-0.046,-0.043,-0.047,-0.021,0.008
784.5,-0.041,-0.029,-0.046,-0.027,-0.047,-0.026,0.012
784.55,-0.017,-0.046,-0.056,-0.02,-0.043,-0.017,-0.003
784.6,-0.011,-0.038,-0.031,0.002,-0.041,-0.023,0.002
784.65,0.005,-0.049,-0.023,-0.017,-0.043,-0.023,0.008
784.7,0.009,-0.034,-0.024,-0.024,-0.055,-0.031,-0.008
784.75,0.015,-0.047,-0.017,-0.008,-0.06,-0.021,-0.006
784.8,0.008,-0.067,0,-0.012,-0.052,-0.021,-0.017
784.85,0.008,-0.047,0.009,-0.015,-0.041,-0.015,-0.018
784.9,0.005,-0.046,0,-0.027,-0.037,-0.02,-0.029
784.95,-0.014,-0.038,0.005,-0.026,-0.043,-0.014,-0.029
785,-0.029,-0.032,0.009,-0.063,-0.046,-0.035,-0.029
785.05,-0.037,-0.008,0,-0.047,-0.05,-0.038,-0.027
785.1,-0.038,0,-0.015,-0.04,-0.024,-0.032,-0.038
785.15,-0.046,0.003,-0.017,-0.047,-0.02,-0.026,-0.035
785.2,-0.041,0,-0.02,-0.055,-0.027,-0.006,-0.032
785.25,-0.055,-0.003,-0.02,-0.05,-0.026,-0.005,-0.032
785.3,-0.061,-0.014,-0.015,-0.046,-0.035,0.002,-0.031
785.35,-0.06,-0.006,-0.031,-0.052,-0.034,-0.009,-0.044
785.4,-0.055,-0.027,-0.055,-0.035,-0.05,0.006,-0.043
785.45,-0.055,-0.037,-0.053,-0.043,-0.04,0.005,-0.037
785.5,-0.053,-0.041,-0.061,-0.038,-0.052,-0.017,-0.018
785.55,-0.041,-0.034,-0.073,-0.032,-0.032,-0.027,-0.014
785.6,-0.044,-0.018,-0.072,-0.031,-0.023,-0.029,-0.015
785.65,-0.041,-0.027,-0.073,-0.031,-0.017,-0.029,-0.012
785.7,-0.027,-0.011,-0.081,-0.031,-0.009,-0.027,-0.021
785.75,-0.026,0.006,-0.076,-0.015,0.002,-0.029,-0.012
785.8,-0.023,0.014,-0.058,-0.017,0.017,-0.038,-0.026
785.85,-0.029,0.012,-0.064,-0.018,-0.006,-0.044,-0.032
785.9,-0.037,0.002,-0.053,-0.015,0.008,-0.024,-0.027
785.95,-0.038,-0.011,-0.038,-0.018,0.009,-0.014,-0.029
786,-0.031,-0.018,-0.021,-0.018,0.012,-0.034,-0.041
786.05,-0.035,-0.014,-0.027,-0.012,0.012,-0.043,-0.049
786.1,-0.046,-0.023,-0.02,-0.031,0.011,-0.04,-0.035
786.15,-0.037,-0.029,-0.006,-0.038,-0.002,-0.014,-0.029
786.2,-0.038,-0.034,-0.015,-0.052,-0.009,0.011,-0.02
786.25,-0.052,-0.031,-0.009,-0.044,-0.002,0.011,-0.035
786.3,-0.046,-0.034,-0.011,-0.046,-0.017,0.005,-0.055
786.35,-0.06,-0.031,-0.012,-0.047,-0.034,-0.014,-0.06
786.4,-0.063,-0.031,-0.031,-0.044,-0.032,0,-0.037
786.45,-0.058,-0.012,-0.026,-0.043,-0.029,0.02,-0.032
786.5,-0.069,0,-0.024,-0.04,-0.027,0.012,-0.018
786.55,-0.067,-0.02,-0.031,-0.043,-0.027,0,-0.031
786.6,-0.055,-0.015,-0.023,-0.031,-0.012,-0.005,-0.026
786.65,-0.05,-0.014,-0.009,-0.027,-0.011,0,-0.02
786.7,-0.064,-0.018,-0.02,-0.046,-0.008,0.018,0.002
786.75,-0.047,-0.024,-0.006,-0.041,0,0.049,0.008
786.8,-0.046,-0.026,0.006,-0.044,0,0.049,0.008
786.85,-0.046,-0.043,0.009,-0.034,-0.012,0.037,0.006
786.9,-0.027,-0.046,0.006,-0.029,-0.017,0.041,-0.031
786.95,-0.027,-0.05,-0.006,-0.026,-0.015,0.021,-0.003
787,-0.04,-0.055,-0.015,-0.014,-0.023,0.015,0.012
787.05,-0.038,-0.069,-0.029,-0.012,-0.029,0.012,0.017
787.1,-0.02,-0.07,-0.003,0.003,-0.02,-0.009,0.009
787.15,-0.029,-0.056,-0.015,0.002,-0.014,-0.038,0.02
787.2,-0.034,-0.053,-0.026,0.015,-0.027,-0.043,0.002
787.25,-0.035,-0.058,-0.032,-0.003,-0.012,-0.052,0.006
787.3,-0.035,-0.038,-0.032,0.006,-0.003,-0.053,0.029
787.35,-0.047,-0.02,-0.014,0,-0.008,-0.04,0.006
787.4,-0.05,-0.009,-0.012,-0.012,-0.012,-0.044,-0.009
787.45,-0.041,0.009,-0.014,-0.026,-0.018,-0.049,-0.005
787.5,-0.044,0.011,-0.02,-0.014,-0.012,-0.044,0.008
787.55,-0.035,0.008,-0.02,-0.011,-0.014,-0.024,-0.006
787.6,-0.026,0.017,-0.024,0.002,-0.003,-0.021,0.014
787.65,-0.017,0.017,-0.024,0.018,-0.006,-0.005,0.015
787.7,-0.018,-0.006,-0.023,0.018,0.006,-0.012,0.012
787.75,0.002,-0.008,-0.023,0.026,0.018,-0.015,0.011
787.8,0.006,-0.005,-0.018,0.029,0.029,0.003,0.009
787.85,0.006,-0.002,-0.023,0.041,0.032,0.023,0.002
787.9,0.009,0.012,-0.027,0.034,0.018,0.018,-0.005
787.95,-0.005,0.015,-0.012,0.031,0.011,-0.002,0.002
788,-0.006,0.014,0.002,0.02,0.005,-0.015,-0.008
788.05,-0.002,0.021,0.02,0.017,0.005,-0.034,-0.011
788.1,0,0.021,0.026,0.002,-0.006,-0.029,-0.009
788.15,-0.021,0.008,0.029,-0.003,-0.015,-0.044,0.008
788.2,-0.015,0.006,0.029,0.005,-0.034,-0.067,0.011
788.25,-0.017,-0.005,0.041,0.012,-0.029,-0.072,0.023
788.3,-0.008,-0.008,0.049,0.014,-0.031,-0.052,0.038
788.35,-0.014,-0.003,0.047,0.012,-0.032,-0.027,0.027
788.4,-0.011,0.006,0.055,0.002,-0.037,-0.018,0.031
788.45,-0.02,0.011,0.055,0.002,-0.041,-0.014,0.04
788.5,-0.014,0.011,0.046,0.012,-0.043,-0.006,0.04
788.55,0.008,0.034,0.026,0.009,-0.023,0.009,0.034
788.6,0.026,0.024,0.008,0.002,-0.002,0.009,0.037
788.65,0.024,0.023,0.005,0.002,0.015,0.005,0.029
788.7,0.015,0.032,0.003,-0.008,0.02,0.006,0.012
788.75,0.029,0.029,-0.017,-0.009,0.02,-0.003,0.017
788.8,0.037,0.023,-0.031,0,0.021,0.012,0.023
788.85,0.043,0.017,-0.052,0.017,0.021,0.02,0.024
788.9,0.041,0.017,-0.034,0.008,0.02,0.02,0.02
788.95,0.05,0.008,-0.008,0.008,0.018,0.017,0.023
789,0.044,0.011,0.005,0.023,0.021,0.038,0.038
789.05,0.055,0.002,0.014,0.011,0.014,0.047,0.034
789.1,0.058,0.006,-0.005,0.02,0.017,0.027,0.041
789.15,0.06,0.015,0.009,0.023,0.015,0.017,0.034
789.2,0.056,0.02,0.009,0.024,0.023,-0.002,0.018
789.25,0.043,0.027,0.021,0.018,0.031,0.011,0.014
789.3,0.038,0.034,0.024,0.034,0.034,0.021,0.029
789.35,0.038,0.043,0.012,0.037,0.029,0.032,0.023
789.4,0.029,0.058,0.018,0.038,0.032,0.027,0.005
789.45,0.024,0.087,0.02,0.05,0.04,0.04,0.009
789.5,0.035,0.076,0.05,0.069,0.037,0.04,0.005
789.55,0.049,0.075,0.058,0.07,0.044,0.041,0.021
789.6,0.061,0.079,0.075,0.076,0.043,0.066,0.029
789.65,0.081,0.102,0.079,0.075,0.044,0.05,0.032
789.7,0.09,0.102,0.072,0.066,0.049,0.035,0.041
789.75,0.082,0.098,0.085,0.076,0.044,0.038,0.063
789.8,0.095,0.093,0.092,0.07,0.049,0.043,0.066
789.85,0.104,0.084,0.09,0.066,0.04,0.026,0.069
789.9,0.099,0.07,0.075,0.05,0.061,0.044,0.085
789.95,0.093,0.067,0.066,0.072,0.058,0.072,0.093
790,0.087,0.066,0.056,0.076,0.058,0.066,0.093
790.05,0.093,0.046,0.047,0.073,0.061,0.079,0.101
790.1,0.081,0.064,0.047,0.079,0.072,0.093,0.095
790.15,0.092,0.081,0.058,0.082,0.076,0.099,0.095
790.2,0.09,0.09,0.064,0.095,0.075,0.099,0.096
790.25,0.09,0.09,0.067,0.102,0.079,0.099,0.104
790.3,0.076,0.125,0.073,0.119,0.084,0.099,0.092
790.35,0.072,0.142,0.087,0.117,0.09,0.095,0.092
790.4,0.061,0.148,0.101,0.101,0.089,0.096,0.107
790.45,0.056,0.151,0.102,0.119,0.098,0.093,0.096
790.5,0.078,0.137,0.098,0.134,0.085,0.104,0.11
790.55,0.084,0.139,0.084,0.136,0.082,0.098,0.101
790.6,0.085,0.143,0.07,0.142,0.079,0.104,0.116
790.65,0.09,0.156,0.067,0.134,0.089,0.117,0.113
790.7,0.113,0.156,0.073,0.136,0.081,0.119,0.113
790.75,0.133,0.154,0.084,0.143,0.075,0.117,0.125
790.8,0.156,0.142,0.082,0.165,0.095,0.131,0.14
790.85,0.15,0.153,0.107,0.163,0.107,0.148,0.151
790.9,0.146,0.165,0.113,0.168,0.125,0.128,0.145
790.95,0.146,0.166,0.121,0.172,0.137,0.125,0.162
791,0.166,0.168,0.139,0.156,0.134,0.117,0.163
791.05,0.172,0.169,0.146,0.166,0.14,0.122,0.166
791.1,0.159,0.163,0.146,0.165,0.145,0.14,0.169
791.15,0.171,0.174,0.14,0.168,0.162,0.146,0.157
791.2,0.172,0.198,0.139,0.183,0.177,0.122,0.134
791.25,0.179,0.204,0.136,0.174,0.171,0.127,0.154
791.3,0.195,0.204,0.15,0.16,0.159,0.142,0.153
791.35,0.201,0.204,0.159,0.154,0.174,0.145,0.154
791.4,0.2,0.211,0.16,0.16,0.186,0.142,0.148
791.45,0.208,0.217,0.177,0.182,0.192,0.14,0.148
791.5,0.23,0.232,0.179,0.208,0.208,0.128,0.153
791.55,0.23,0.229,0.194,0.209,0.209,0.119,0.165
791.6,0.226,0.224,0.214,0.209,0.197,0.133,0.171
791.65,0.252,0.232,0.217,0.224,0.209,0.148,0.15
791.7,0.262,0.246,0.232,0.246,0.227,0.169,0.15
791.75,0.272,0.25,0.261,0.256,0.235,0.175,0.157
791.8,0.279,0.243,0.269,0.282,0.229,0.185,0.163
791.85,0.296,0.241,0.273,0.279,0.218,0.201,0.182
791.9,0.316,0.238,0.301,0.269,0.223,0.189,0.208
791.95,0.333,0.255,0.31,0.281,0.24,0.203,0.2
792,0.369,0.267,0.302,0.293,0.249,0.214,0.203
792.05,0.369,0.27,0.327,0.304,0.253,0.195,0.215
792.1,0.359,0.284,0.334,0.305,0.241,0.185,0.232
792.15,0.372,0.311,0.31,0.33,0.227,0.198,0.246
792.2,0.378,0.323,0.317,0.333,0.252,0.221,0.258
792.25,0.38,0.349,0.331,0.339,0.285,0.218,0.253
792.3,0.389,0.356,0.342,0.328,0.287,0.256,0.241
792.35,0.398,0.357,0.346,0.343,0.293,0.267,0.249
792.4,0.409,0.372,0.381,0.334,0.294,0.276,0.264
792.45,0.429,0.401,0.392,0.349,0.301,0.279,0.279
792.5,0.455,0.406,0.391,0.363,0.333,0.282,0.281
792.55,0.462,0.401,0.417,0.365,0.348,0.287,0.282
792.6,0.481,0.409,0.43,0.386,0.356,0.299,0.279
792.65,0.49,0.418,0.441,0.391,0.359,0.307,0.288
792.7,0.484,0.45,0.443,0.412,0.363,0.294,0.304
792.75,0.497,0.45,0.444,0.41,0.378,0.282,0.331
792.8,0.511,0.438,0.449,0.418,0.395,0.288,0.345
792.85,0.526,0.446,0.439,0.43,0.401,0.311,0.357
792.9,0.543,0.441,0.45,0.453,0.404,0.337,0.381
792.95,0.554,0.444,0.455,0.464,0.424,0.346,0.378
793,0.581,0.471,0.461,0.461,0.438,0.334,0.397
793.05,0.604,0.482,0.471,0.482,0.461,0.345,0.407
793.1,0.632,0.478,0.484,0.496,0.473,0.363,0.418
793.15,0.644,0.51,0.511,0.516,0.476,0.394,0.415
793.2,0.658,0.549,0.522,0.539,0.493,0.391,0.423
793.25,0.667,0.546,0.545,0.549,0.504,0.401,0.447
793.3,0.676,0.578,0.555,0.551,0.514,0.389,0.438
793.35,0.69,0.595,0.575,0.558,0.526,0.386,0.45
793.4,0.682,0.626,0.592,0.568,0.519,0.415,0.443
793.45,0.7,0.642,0.62,0.581,0.516,0.45,0.458
793.5,0.729,0.681,0.632,0.591,0.517,0.464,0.47
793.55,0.743,0.71,0.65,0.615,0.519,0.478,0.493
793.6,0.768,0.708,0.658,0.645,0.525,0.513,0.504
793.65,0.79,0.714,0.673,0.661,0.543,0.51,0.499
793.7,0.821,0.726,0.708,0.679,0.565,0.536,0.528
793.75,0.853,0.755,0.722,0.705,0.568,0.552,0.534
793.8,0.894,0.752,0.751,0.737,0.586,0.545,0.586
793.85,0.902,0.766,0.745,0.755,0.592,0.543,0.592
793.9,0.919,0.786,0.769,0.781,0.627,0.56,0.613
793.95,0.951,0.789,0.79,0.804,0.65,0.584,0.629
794,0.97,0.819,0.813,0.81,0.667,0.601,0.661
794.05,0.992,0.833,0.836,0.829,0.665,0.609,0.691
794.1,1.016,0.867,0.844,0.841,0.662,0.63,0.694
794.15,1.015,0.88,0.874,0.842,0.674,0.656,0.728
794.2,1.031,0.912,0.887,0.853,0.685,0.677,0.731
794.25,1.062,0.929,0.931,0.87,0.71,0.696,0.769
794.3,1.071,0.92,0.949,0.908,0.713,0.696,0.775
794.35,1.102,0.928,0.941,0.911,0.734,0.696,0.787
794.4,1.115,0.967,0.969,0.938,0.737,0.71,0.793
794.45,1.138,1.004,0.983,0.952,0.778,0.742,0.78
794.5,1.178,1.021,1.006,0.993,0.803,0.758,0.809
794.55,1.221,1.028,1.022,1.042,0.833,0.769,0.807
794.6,1.245,1.039,1.048,1.07,0.858,0.792,0.839
794.65,1.273,1.057,1.053,1.099,0.873,0.792,0.842
794.7,1.299,1.091,1.076,1.1,0.894,0.826,0.853
794.75,1.318,1.132,1.112,1.134,0.906,0.848,0.891
794.8,1.352,1.137,1.134,1.151,0.937,0.865,0.908
794.85,1.398,1.16,1.17,1.169,0.96,0.89,0.923
794.9,1.407,1.17,1.192,1.176,0.996,0.896,0.931
794.95,1.445,1.207,1.208,1.199,1.025,0.928,0.967
795,1.48,1.222,1.239,1.224,1.071,0.952,0.955
795.05,1.529,1.265,1.251,1.25,1.093,0.987,0.992
795.1,1.57,1.291,1.282,1.294,1.123,1.003,1.022
795.15,1.599,1.323,1.314,1.318,1.151,1.004,1.027
795.2,1.64,1.347,1.341,1.338,1.18,1.016,1.059
795.25,1.662,1.376,1.347,1.393,1.184,1.031,1.102
795.3,1.706,1.416,1.375,1.41,1.213,1.07,1.134
795.35,1.752,1.448,1.411,1.443,1.225,1.089,1.157
795.4,1.797,1.5,1.44,1.472,1.236,1.123,1.193
795.45,1.823,1.508,1.488,1.52,1.28,1.137,1.204
795.5,1.872,1.547,1.515,1.526,1.305,1.157,1.215
795.55,1.915,1.553,1.543,1.566,1.321,1.187,1.234
795.6,1.959,1.584,1.558,1.588,1.335,1.218,1.241
795.65,1.985,1.613,1.607,1.599,1.372,1.241,1.266
795.7,2.01,1.646,1.624,1.634,1.385,1.244,1.292
795.75,2.036,1.682,1.659,1.677,1.401,1.257,1.324
795.8,2.08,1.691,1.678,1.712,1.431,1.262,1.358
795.85,2.138,1.74,1.706,1.732,1.465,1.285,1.387
795.9,2.176,1.787,1.736,1.782,1.471,1.314,1.421
795.95,2.245,1.837,1.778,1.802,1.521,1.347,1.437
796,2.286,1.886,1.831,1.845,1.553,1.382,1.468
796.05,2.365,1.942,1.869,1.915,1.563,1.425,1.501
796.1,2.451,1.991,1.935,1.974,1.596,1.479,1.517
796.15,2.525,2.063,1.97,1.99,1.64,1.506,1.55
796.2,2.599,2.135,2.031,2.061,1.665,1.556,1.569
796.25,2.663,2.199,2.104,2.116,1.668,1.602,1.605
796.3,2.75,2.246,2.162,2.185,1.729,1.616,1.659
796.35,2.827,2.318,2.246,2.283,1.744,1.662,1.718
796.4,2.91,2.39,2.339,2.361,1.79,1.698,1.773
796.45,3.018,2.454,2.412,2.432,1.854,1.729,1.779
796.5,3.133,2.554,2.502,2.518,1.892,1.746,1.837
796.55,3.311,2.638,2.612,2.628,1.952,1.817,1.874
796.6,3.462,2.756,2.721,2.74,1.981,1.836,1.912
796.65,3.658,2.879,2.827,2.872,2.049,1.871,1.949
796.7,3.879,3.035,2.966,3.02,2.084,1.952,1.984
796.75,4.106,3.195,3.12,3.163,2.138,1.994,2.046
796.8,4.398,3.391,3.275,3.351,2.193,2.026,2.074
796.85,4.715,3.632,3.494,3.549,2.261,2.08,2.158
796.9,5.075,3.874,3.723,3.79,2.344,2.155,2.225
796.95,5.435,4.141,3.981,4.065,2.394,2.208,2.293
797,5.879,4.46,4.28,4.358,2.505,2.283,2.377
797.05,6.413,4.843,4.605,4.703,2.603,2.351,2.483
797.1,7.001,5.266,4.971,5.104,2.742,2.437,2.596
797.15,7.7,5.716,5.423,5.544,2.887,2.527,2.698
797.2,8.476,6.27,5.93,6.084,3.058,2.646,2.837
797.25,9.34,6.905,6.474,6.705,3.215,2.779,2.986
797.3,10.33,7.588,7.126,7.411,3.421,2.916,3.142
797.35,11.499,8.409,7.87,8.189,3.674,3.082,3.329
797.4,12.796,9.325,8.71,9.091,3.943,3.304,3.534
797.45,14.211,10.376,9.706,10.092,4.283,3.534,3.777
797.5,15.805,11.502,10.815,11.255,4.63,3.795,4.073
797.55,17.54,12.811,11.978,12.569,4.991,4.086,4.39
797.6,19.394,14.227,13.338,14.001,5.431,4.434,4.778
797.65,21.448,15.768,14.88,15.559,5.962,4.793,5.203
797.7,23.718,17.546,16.518,17.328,6.529,5.19,5.707
797.75,26.007,19.467,18.353,19.232,7.201,5.667,6.258
797.8,28.511,21.541,20.387,21.252,7.979,6.177,6.924
797.85,31.226,23.758,22.495,23.477,8.78,6.761,7.675
797.9,33.977,26.208,24.771,25.867,9.761,7.474,8.44
797.95,36.874,28.784,27.303,28.375,10.896,8.293,9.39
798,39.964,31.464,29.987,31.033,12.115,9.178,10.425
798.05,43.175,34.387,32.663,33.836,13.486,10.176,11.604
798.1,46.318,37.318,35.593,36.723,15.007,11.368,12.906
798.15,49.625,40.413,38.683,39.711,16.647,12.593,14.345
798.2,52.89,43.475,41.705,42.83,18.474,13.968,15.959
798.25,56.01,46.631,44.917,46.074,20.459,15.556,17.714
798.3,59.238,49.763,48.241,49.219,22.667,17.229,19.641
798.35,62.369,53.023,51.453,52.528,24.991,19.078,21.719
798.4,65.445,56.332,54.639,55.734,27.46,21.175,23.981
798.45,68.451,59.402,57.887,58.981,30.043,23.38,26.308
798.5,71.347,62.605,61.066,62.181,32.829,25.711,28.871
798.55,74.033,65.752,64.133,65.289,35.78,28.229,31.572
798.6,76.604,68.808,67.262,68.344,38.753,30.925,34.451
798.65,78.996,71.788,70.01,71.147,41.933,33.69,37.384
798.7,81.134,74.564,72.745,73.941,45.056,36.621,40.536
798.75,83.124,77.089,75.369,76.514,48.299,39.612,43.721
798.8,84.999,79.529,77.974,78.94,51.567,42.676,46.951
798.85,86.638,81.903,80.272,81.314,54.982,45.808,50.266
798.9,87.978,83.96,82.526,83.319,58.191,48.988,53.511
798.95,89.241,85.849,84.578,85.265,61.295,52.153,56.784
799,90.459,87.581,86.235,86.955,64.532,55.341,60.014
799.05,91.6,89.035,88.022,88.675,67.603,58.568,63.255
799.1,92.599,90.501,89.417,90.054,70.584,61.772,66.304
799.15,93.524,91.641,90.688,91.275,73.299,64.946,69.295
799.2,94.077,92.651,91.772,92.413,75.951,67.914,72.174
799.25,94.499,93.358,92.871,93.268,78.461,70.877,74.843
799.3,95.071,94.171,93.544,94.174,80.809,73.657,77.391
799.35,95.464,94.695,94.162,94.719,83.147,76.555,79.865
799.4,95.702,95.131,94.919,95.25,85.037,79.17,81.99
799.45,95.869,95.363,95.37,95.448,86.67,81.514,84.032
799.5,95.988,95.602,95.795,95.847,88.187,83.481,85.788
799.55,96.059,95.932,96.092,96.083,89.539,85.257,87.404
799.6,96.216,96.034,96.255,96.196,90.742,86.942,88.718
799.65,96.344,96.405,96.451,96.292,91.689,88.397,90.109
799.7,96.353,96.355,96.863,96.333,92.609,89.792,91.278
799.75,96.568,96.436,96.912,96.509,93.301,90.703,92.2
799.8,96.593,96.492,96.97,96.626,93.784,91.591,93.005
799.85,96.741,96.75,97.105,96.817,94.235,92.357,93.481
799.9,96.909,96.788,97.107,96.895,94.756,93.016,94.07
799.95,96.964,96.877,97.243,97.02,95.193,93.619,94.496
800,97.047,97.038,97.284,97.064,95.448,94.141,94.875
800.05,97.208,97.058,97.382,97.139,95.518,94.574,95.026
800.1,97.25,97.264,97.363,97.221,95.56,94.754,95.154
800.15,97.179,97.342,97.493,97.328,95.644,95.157,95.317
800.2,97.198,97.382,97.379,97.366,95.918,95.308,95.5
800.25,97.212,97.369,97.4,97.293,96.178,95.531,95.67
800.3,97.253,97.414,97.591,97.278,96.109,95.946,95.763
800.35,97.205,97.356,97.591,97.266,96.111,95.993,95.9
800.4,97.266,97.29,97.639,97.443,96.268,96.092,96.097
800.45,97.244,97.205,97.552,97.421,96.518,96.262,96.172
800.5,97.202,97.145,97.437,97.366,96.565,96.545,96.303
800.55,97.261,97.025,97.427,97.418,96.635,96.622,96.255
800.6,97.308,97.139,97.53,97.31,96.571,96.767,96.266
800.65,97.208,97.054,97.443,97.336,96.455,96.849,96.506
800.7,97.124,97.15,97.458,97.295,96.49,96.773,96.727
800.75,97.241,97.26,97.513,97.299,96.742,96.948,96.748
800.8,97.156,97.443,97.595,97.287,96.646,97.087,96.803
800.85,97.044,97.502,97.685,97.404,96.527,97.156,96.901
800.9,97.214,97.542,97.664,97.487,96.735,97.105,97.136
800.95,97.279,97.612,97.676,97.467,96.736,97.177,97.389
801,97.375,97.69,97.699,97.6,96.82,97.296,97.607
801.05,97.473,97.83,97.726,97.643,97.102,97.406,97.493
801.1,97.583,97.775,97.62,97.708,97.263,97.534,97.542
801.15,97.621,97.82,97.597,97.789,97.214,97.638,97.63
801.2,97.644,97.681,97.575,97.704,97.397,97.661,97.705
801.25,97.784,97.649,97.491,97.829,97.478,97.559,97.791
801.3,97.729,97.687,97.601,97.821,97.508,97.614,97.623
801.35,97.714,97.72,97.681,97.766,97.623,97.569,97.606
801.4,97.513,97.687,97.664,97.714,97.65,97.507,97.572
801.45,97.603,97.775,97.787,97.722,97.487,97.382,97.606
801.5,97.571,97.801,97.826,97.726,97.548,97.441,97.522
801.55,97.559,97.736,97.923,97.765,97.539,97.417,97.446
801.6,97.632,97.823,97.884,97.731,97.505,97.298,97.415
801.65,97.737,97.911,98.083,97.653,97.656,97.389,97.391
801.7,97.745,97.91,97.946,97.765,97.745,97.469,97.394
801.75,97.806,97.997,97.94,97.789,97.644,97.603,97.359
801.8,97.899,98.041,98.074,97.781,97.784,97.65,97.214
801.85,97.957,98.053,98.08,97.871,97.932,97.719,97.305
801.9,97.916,98.073,98.326,97.838,97.888,97.751,97.327
801.95,97.998,98.163,98.303,97.609,97.841,97.783,97.343
802,97.981,98.178,98.483,97.672,97.852,97.934,97.443
802.05,98.033,98.218,98.347,97.612,97.733,98.117,97.543
802.1,98.198,98.283,98.569,97.578,97.537,98.125,97.699
802.15,98.254,98.326,98.576,97.575,97.705,98.187,97.797
802.2,98.412,98.238,98.523,97.78,97.672,98.279,97.954
802.25,98.323,98.251,98.54,97.74,97.705,98.375,97.928
802.3,98.471,98.265,98.46,97.859,97.681,98.438,97.917
802.35,98.337,98.328,98.528,98.117,97.859,98.502,98.076
802.4,98.456,98.361,98.413,98.335,97.884,98.537,98.004
802.45,98.337,98.453,98.61,98.482,98.186,98.553,98.155
802.5,98.338,98.45,98.642,98.601,98.384,98.64,98
802.55,98.395,98.601,98.837,98.814,98.326,98.537,98.085
802.6,98.383,98.633,98.93,98.683,98.383,98.434,98.129
802.65,98.54,98.621,98.991,98.784,98.306,98.499,98.245
802.7,98.5,98.802,98.909,98.915,98.372,98.409,98.236
802.75,98.631,98.77,98.882,99.043,98.279,98.317,98.064
802.8,98.688,98.784,99.042,98.95,98.315,98.494,98.241
802.85,98.727,98.824,98.935,98.849,98.128,98.454,98.172
802.9,98.74,98.962,98.95,98.885,98.1,98.392,98.442
802.95,98.595,98.796,98.798,98.741,98.1,98.402,98.404
803,98.698,98.883,98.88,98.955,98.274,98.592,98.474
803.05,98.634,99.033,98.811,99.075,98.445,98.61,98.535
803.1,98.615,98.981,98.911,99.12,98.613,98.73,98.75
803.15,98.808,99.239,98.973,99.016,98.761,98.889,98.973
803.2,98.705,99.326,98.953,99.066,98.837,98.824,98.878
803.25,98.77,99.353,99.007,99.141,98.877,98.83,98.903
803.3,98.82,99.261,98.997,99.136,98.866,98.894,98.811
803.35,98.885,99.298,98.979,99.37,98.997,98.959,98.862
803.4,98.93,99.443,98.923,99.225,98.885,99.043,98.956
803.45,98.943,99.385,99.103,99.226,98.988,99.135,98.943
803.5,99.019,99.347,99.039,99.144,98.82,99.095,98.877
803.55,98.834,99.251,98.997,99.109,98.737,99.063,99.016
803.6,98.973,99.261,98.953,99.098,98.897,98.969,99.11
803.65,98.996,99.144,98.848,99.2,98.94,99.072,99.149
803.7,98.9,99.152,98.711,99.159,98.933,99.052,99.165
803.75,98.903,99.236,98.753,98.894,98.822,98.979,99.243
803.8,98.804,99.062,98.782,98.967,98.862,98.988,99.055
803.85,98.862,99.03,98.65,98.833,98.727,98.938,99.002
803.9,98.836,99.01,98.639,98.802,98.936,98.941,99.016
803.95,98.846,98.81,98.633,98.909,98.929,99.013,98.878
804,98.746,98.898,98.605,98.943,98.782,99.065,98.824
804.05,98.56,98.869,98.72,98.825,98.776,98.888,98.849
804.1,98.677,98.871,98.827,98.723,98.871,98.938,98.952
804.15,98.752,98.761,98.781,98.805,98.923,98.943,98.83
804.2,98.671,98.813,98.596,98.808,98.929,98.75,99.088
804.25,98.619,98.784,98.633,98.882,98.981,98.795,99.081
804.3,98.708,98.848,98.598,98.871,98.849,98.816,99.127
804.35,98.886,98.972,98.543,98.88,98.808,98.734,99.199
804.4,98.904,98.813,98.575,98.863,98.781,98.709,99.278
804.45,99.081,98.892,98.659,98.918,98.746,98.7,99.24
804.5,98.965,98.843,98.656,98.947,98.822,98.561,99.11
804.55,98.824,98.958,98.691,99.06,98.84,98.697,99.089
804.6,99.052,98.994,98.753,99.118,98.814,98.779,98.911
804.65,99.112,99.182,98.706,99.08,98.643,98.633,99.011
804.7,98.964,99.167,98.642,99.037,98.761,98.631,98.976
804.75,98.984,99.089,98.906,99.001,98.923,98.653,98.92
804.8,99.054,99.072,99.043,99.084,98.895,98.795,98.935
804.85,98.959,98.996,98.914,99.059,98.808,99.01,98.856
804.9,98.967,99.026,99.017,99.091,98.764,99.045,98.923
804.95,99.152,98.932,98.985,99.106,98.616,99.02,99.017
805,99.174,99.045,99.191,99.162,98.596,98.938,99.147
805.05,99.223,98.799,99.364,99.213,98.773,98.999,99.232
805.1,99.28,98.865,99.481,99.358,98.54,98.889,99.4
805.15,99.162,98.764,99.22,99.37,98.566,99.017,99.4
805.2,99.144,98.877,99.068,99.338,98.663,98.871,99.394
805.25,99.188,98.94,99.054,99.391,98.99,98.637,99.568
805.3,99.246,99.071,98.894,99.3,98.911,98.779,99.669
805.35,99.179,99.165,99.031,99.406,99.146,98.735,99.597
805.4,99.068,99.121,98.848,99.422,99.12,98.79,99.442
805.45,98.988,99.243,98.856,99.48,99.193,98.914,99.387
805.5,99.205,99.255,98.929,99.376,99.315,98.988,99.268
805.55,99.371,99.486,99.051,99.376,99.31,98.859,99.352
805.6,99.347,99.522,99.15,99.445,99.202,98.802,99.382
805.65,99.388,99.71,99.289,99.434,98.972,99.017,99.367
805.7,99.478,99.614,99.489,99.635,98.946,99.016,99.353
805.75,99.506,99.596,99.283,99.522,98.938,99.016,99.344
805.8,99.522,99.582,99.274,99.521,98.993,98.967,99.484
805.85,99.449,99.718,99.232,99.406,98.923,98.936,99.446
805.9,99.319,99.683,99.313,99.532,98.946,98.926,99.335
805.95,99.06,99.64,99.352,99.466,98.94,99.083,99.326
806,99.159,99.586,99.301,99.496,98.882,99.245,99.231
806.05,99.142,99.455,99.173,99.538,99.026,99.231,99.339
806.1,99.155,99.602,99.144,99.516,99.309,99.265,99.278
806.15,99.065,99.646,99.315,99.538,99.376,99.391,99.521
806.2,99.237,99.571,99.448,99.579,99.62,99.699,99.525
806.25,99.342,99.443,99.435,99.706,99.426,99.634,99.535
806.3,99.422,99.446,99.365,99.657,99.675,99.745,99.686
806.35,99.596,99.521,99.403,99.727,99.728,99.71,99.667
806.4,99.4,99.602,99.554,99.68,100.027,99.806,99.8
806.45,99.484,99.602,99.524,99.68,100.034,99.889,99.678
806.5,99.615,99.452,99.58,99.76,99.898,99.878,99.701
806.55,99.806,99.274,99.551,99.808,99.922,99.866,99.585
806.6,99.73,99.371,99.602,99.779,99.731,99.562,99.625
806.65,99.709,99.413,99.586,99.73,100.021,99.544,99.707
806.7,99.786,99.466,99.67,99.66,99.812,99.495,99.699
806.75,99.602,99.496,99.718,99.612,99.884,99.5,99.68
806.8,99.908,99.339,99.736,99.64,99.757,99.344,99.702
806.85,99.872,99.353,100.038,99.626,99.754,99.181,99.69
806.9,99.693,99.367,99.945,99.532,99.725,99.146,99.696
806.95,99.623,99.605,100.061,99.472,99.518,99.329,99.678
807,99.507,99.541,99.931,99.428,99.608,99.449,99.579
807.05,99.461,99.487,99.919,99.461,99.475,99.576,99.529
807.1,99.252,99.463,99.776,99.463,99.557,99.658,99.62
807.15,99.287,99.367,99.683,99.46,99.258,99.71,99.634
807.2,99.113,99.304,99.533,99.44,99.338,99.721,99.564
807.25,99.089,99.31,99.265,99.437,99.225,99.788,99.522
807.3,99.097,99.281,99.246,99.432,99.388,99.771,99.612
807.35,99.084,99.202,99.112,99.304,99.579,99.644,99.506
807.4,99.062,99.303,99.203,99.216,99.403,99.609,99.474
807.45,99.081,99.411,99.229,99.257,99.464,99.536,99.527
807.5,99.153,99.414,99.37,99.286,99.361,99.513,99.46
807.55,99.176,99.342,99.353,99.321,99.457,99.396,99.382
807.6,99.184,99.451,99.352,99.3,99.46,99.449,99.429
807.65,99.174,99.464,99.223,99.283,99.6,99.446,99.615
807.7,99.139,99.565,99.243,99.338,99.416,99.516,99.496
807.75,99.222,99.532,99.214,99.397,99.379,99.425,99.612
807.8,99.29,99.37,99.103,99.541,99.487,99.496,99.44
807.85,99.414,99.245,99.089,99.437,99.425,99.384,99.423
807.9,99.457,99.257,98.94,99.387,99.483,99.207,99.173
807.95,99.583,99.329,98.845,99.416,99.622,99.31,99.216
808,99.539,99.315,98.721,99.364,99.564,99.258,99.167
808.05,99.6,99.199,99.005,99.396,99.516,99.333,99.001
808.1,99.657,99.164,98.874,99.321,99.51,99.35,99.037
808.15,99.582,99.197,99.026,99.315,99.361,99.239,99.014
808.2,99.515,99.178,99.097,99.188,99.327,99.281,99.146
808.25,99.503,99.155,99.158,99.196,99.304,99.451,99.162
808.3,99.414,99.103,99.104,99.359,99.225,99.574,99.315
808.35,99.487,99.2,99.242,99.324,99.132,99.606,99.243
808.4,99.635,99.265,99.396,99.457,99.208,99.64,99.22
808.45,99.576,99.4,99.318,99.312,99.023,99.55,99.388
808.5,99.615,99.431,99.358,99.335,99.063,99.521,99.495
808.55,99.617,99.442,99.445,99.385,99.123,99.702,99.3
808.6,99.661,99.533,99.59,99.339,98.996,99.768,99.321
808.65,99.544,99.672,99.458,99.39,99.008,99.762,99.3
808.7,99.663,99.71,99.672,99.428,98.985,99.696,99.265
808.75,99.547,99.628,99.643,99.467,98.956,99.673,99.474
808.8,99.666,99.731,99.565,99.304,98.851,99.707,99.455
808.85,99.789,99.635,99.608,99.408,99.071,99.825,99.329
808.9,99.971,99.641,99.744,99.512,98.97,99.796,99.045
808.95,99.968,99.617,99.644,99.573,99.043,99.745,99.297
809,99.966,99.611,99.666,99.619,99.161,99.734,99.332
809.05,100.127,99.649,99.852,99.677,99.203,99.664,99.289
809.1,100.168,99.687,99.886,99.593,99.113,99.692,99.342
809.15,100.279,99.767,100.009,99.533,99.126,99.634,99.361
809.2,100.125,99.707,100.085,99.615,99.181,99.652,99.474
809.25,100.113,99.843,100.194,99.605,99.144,99.567,99.522
809.3,99.878,99.86,100.127,99.452,99.19,99.561,99.841
809.35,99.774,99.922,100.087,99.486,99.098,99.588,99.744
809.4,99.805,99.922,100.136,99.455,99.028,99.506,99.843
809.45,99.759,99.843,100.116,99.409,99.124,99.559,99.951
809.5,99.76,99.788,100.014,99.353,99.336,99.751,100.035
809.55,99.619,99.876,99.883,99.434,99.409,99.905,99.908
809.6,99.68,99.803,99.847,99.471,99.431,99.815,99.976
809.65,99.623,99.792,99.638,99.554,99.435,99.774,99.976
809.7,99.686,99.803,99.783,99.763,99.438,99.762,99.934
809.75,99.905,99.893,99.884,99.731,99.393,99.773,99.892
809.8,99.976,100.06,99.712,99.94,99.446,99.773,99.899
809.85,100.005,100.244,99.683,99.93,99.59,99.788,99.82
809.9,100.032,100.357,99.777,100.098,99.504,99.684,99.782
809.95,100.163,100.363,99.939,100.146,99.484,99.657,99.796
810,99.973,100.514,99.989,100.133,99.419,99.722,99.744
810.05,100.043,100.502,99.971,100.16,99.464,99.832,99.785
810.1,100.087,100.426,99.962,100.02,99.629,99.883,99.759
810.15,99.971,100.25,99.908,100.136,99.754,99.828,99.924
810.2,99.878,100.175,99.878,99.991,99.794,100.006,100.023
810.25,99.927,100.005,99.998,100.076,99.481,100.043,99.94
810.3,99.806,99.884,99.869,100.052,99.559,100.041,99.976
810.35,99.638,99.855,99.759,99.944,99.583,99.954,100.024
810.4,99.852,99.835,99.725,99.837,99.654,99.965,99.913
810.45,99.838,99.857,99.841,99.837,99.622,99.931,99.884
810.5,99.742,99.838,99.767,99.747,99.484,99.991,100.012
810.55,99.82,99.96,99.713,99.611,99.605,100.093,99.998
810.6,99.849,99.899,99.878,99.588,99.625,99.93,99.902
810.65,99.927,99.852,99.706,99.567,99.734,99.861,100.017
810.7,99.931,99.786,99.619,99.533,99.773,99.843,99.911
810.75,100.032,99.686,99.593,99.654,99.699,99.872,99.911
810.8,99.915,99.521,99.568,99.75,99.86,99.878,99.821
810.85,99.681,99.384,99.495,99.672,99.922,99.765,99.843
810.9,99.646,99.49,99.554,99.632,100.018,99.591,99.727
810.95,99.576,99.333,99.471,99.658,99.918,99.417,99.663
811,99.654,99.405,99.297,99.87,99.918,99.341,99.615
811.05,99.612,99.365,99.419,99.834,99.953,99.431,99.542
811.1,99.728,99.454,99.686,99.873,99.928,99.336,99.779
811.15,99.789,99.562,99.568,99.681,100.055,99.368,99.855
811.2,99.684,99.55,99.588,99.634,99.953,99.365,99.901
811.25,99.966,99.632,99.809,99.728,99.94,99.384,99.924
811.3,99.892,99.617,99.881,99.826,99.876,99.486,99.861
811.35,99.832,99.658,100.038,99.736,99.802,99.55,99.989
811.4,99.85,99.724,100.174,99.599,99.867,99.64,99.968
811.45,99.762,99.733,100.014,99.554,99.731,99.612,100.096
811.5,99.799,99.712,99.8,99.522,99.614,99.774,99.854
811.55,99.771,99.666,99.969,99.539,99.498,99.841,99.767
811.6,99.837,99.728,100.055,99.677,99.301,99.814,99.812
811.65,99.86,99.677,99.889,99.623,99.223,99.808,99.684
811.7,99.893,99.646,99.855,99.718,99.344,99.763,99.632
811.75,100.035,99.609,99.661,99.773,99.379,99.883,99.573
811.8,100.023,99.431,99.554,99.777,99.329,99.907,99.644
811.85,99.953,99.49,99.561,99.825,99.422,99.945,99.678
811.9,99.855,99.466,99.588,99.849,99.455,99.879,99.911
811.95,99.867,99.469,99.538,100.002,99.37,99.779,99.887
812,99.921,99.643,99.46,99.907,99.452,99.829,99.838
812.05,99.89,99.617,99.396,99.966,99.228,99.902,99.988
812.1,100.049,99.619,99.274,100.089,99.223,99.922,100.058
812.15,100.018,99.748,99.319,100.084,99.29,99.834,99.892
812.2,99.934,99.792,99.319,100.047,99.261,99.794,99.8
812.25,99.963,99.855,99.338,99.966,99.326,99.849,99.736
812.3,99.857,99.883,99.406,99.873,99.248,99.841,99.48
812.35,99.905,99.799,99.4,99.87,99.333,99.791,99.501
812.4,99.876,99.577,99.655,99.82,99.368,99.815,99.603
812.45,99.785,99.649,99.744,99.747,99.498,99.738,99.521
812.5,99.831,99.651,99.614,99.368,99.234,99.867,99.596
812.55,99.658,99.548,99.626,99.382,99.356,99.847,99.805
812.6,99.71,99.484,99.739,99.474,99.4,99.881,99.805
812.65,99.754,99.443,99.786,99.515,99.31,99.68,99.789
812.7,99.654,99.451,99.847,99.586,99.489,99.695,99.953
812.75,99.57,99.396,99.907,99.553,99.536,99.776,100.046
812.8,99.553,99.556,99.651,99.617,99.544,99.521,99.925
812.85,99.414,99.477,99.594,99.574,99.716,99.522,99.927
812.9,99.268,99.506,99.792,99.825,99.863,99.542,99.736
812.95,99.434,99.53,99.832,99.846,99.731,99.525,99.713
813,99.452,99.568,99.759,99.707,99.507,99.443,99.797
813.05,99.422,99.577,99.696,99.85,99.533,99.509,99.829
813.1,99.557,99.628,99.643,99.756,99.414,99.498,99.963
813.15,99.417,99.689,99.611,99.843,99.466,99.414,99.754
813.2,99.454,99.586,99.593,99.783,99.448,99.66,99.818
813.25,99.608,99.631,99.687,99.869,99.327,99.719,99.748
813.3,99.706,99.623,99.477,99.774,99.214,99.704,99.849
813.35,99.783,99.68,99.435,99.684,99.156,99.826,99.812
813.4,99.609,99.785,99.402,99.771,99.422,99.835,99.716
813.45,99.69,99.803,99.423,99.591,99.382,99.855,99.687
813.5,99.495,99.693,99.405,99.6,99.509,99.947,99.53
813.55,99.634,99.655,99.478,99.429,99.625,99.922,99.446
813.6,99.667,99.727,99.562,99.513,99.629,99.922,99.402
813.65,99.615,99.794,99.374,99.487,99.62,99.8,99.364
813.7,99.472,99.637,99.455,99.522,99.812,99.702,99.338
813.75,99.326,99.574,99.626,99.574,99.797,99.507,99.211
813.8,99.382,99.492,99.512,99.622,99.776,99.464,99.306
813.85,99.245,99.402,99.503,99.667,99.707,99.53,99.252
813.9,99.477,99.516,99.483,99.774,99.602,99.448,99.184
813.95,99.432,99.571,99.477,99.814,99.449,99.568,99.374
814,99.518,99.431,99.368,99.733,99.402,99.509,99.39
814.05,99.557,99.359,99.42,99.684,99.469,99.725,99.359
814.1,99.608,99.336,99.452,99.646,99.362,99.651,99.303
814.15,99.605,99.336,99.301,99.58,99.397,99.8,99.313
814.2,99.677,99.417,99.464,99.483,99.222,99.852,99.1
814.25,99.677,99.432,99.521,99.504,99.31,99.666,99.088
814.3,99.721,99.313,99.51,99.341,99.298,99.709,99.02
814.35,99.745,99.162,99.344,99.324,99.165,99.559,98.903
814.4,99.493,99.277,99.384,99.403,99.203,99.416,98.836
814.45,99.399,99.345,99.352,99.388,99.08,99.42,99.005
814.5,99.312,99.416,99.202,99.44,99.101,99.571,99.007
814.55,99.341,99.554,99.255,99.599,99.005,99.525,98.909
814.6,99.294,99.46,99.257,99.718,99.159,99.59,98.987
814.65,99.274,99.393,99.409,99.75,99.124,99.533,98.851
814.7,99.196,99.384,99.406,99.765,99.138,99.535,98.817
814.75,99.208,99.58,99.445,99.733,99.123,99.603,98.872
814.8,99.335,99.387,99.617,99.698,99.08,99.773,98.869
814.85,99.379,99.422,99.64,99.615,99.129,99.69,98.602
814.9,99.44,99.532,99.844,99.553,99.008,99.759,98.483
814.95,99.434,99.191,99.762,99.681,98.917,99.681,98.517
815,99.339,99.126,99.733,99.611,98.839,99.518,98.491
815.05,99.391,99.29,99.609,99.561,98.77,99.687,98.532
815.1,99.498,99.364,99.648,99.617,98.763,99.629,98.502
815.15,99.31,99.281,99.652,99.628,98.75,99.545,98.39
815.2,99.342,99.333,99.519,99.509,98.799,99.612,98.329
815.25,99.303,99.207,99.718,99.707,98.799,99.608,98.509
815.3,99.342,99.176,99.707,99.747,98.9,99.487,98.605
815.35,99.275,99.422,99.811,99.521,99.055,99.495,98.74
815.4,99.431,99.634,99.809,99.413,98.933,99.605,98.714
815.45,99.391,99.53,99.776,99.483,99.011,99.458,98.856
815.5,99.271,99.411,99.757,99.474,98.872,99.399,99.121
815.55,99.586,99.306,99.738,99.475,98.907,99.35,99.088
815.6,99.58,99.492,99.655,99.471,98.883,99.336,99.278
815.65,99.71,99.529,99.463,99.368,98.769,99.292,99.149
815.7,99.586,99.466,99.509,99.281,98.633,99.159,99.196
815.75,99.651,99.564,99.481,99.406,98.674,99.323,98.999
815.8,99.576,99.388,99.457,99.498,98.663,99.304,99.095
815.85,99.614,99.309,99.489,99.403,98.701,99.437,99.066
815.9,99.605,99.321,99.435,99.42,98.92,99.551,98.824
815.95,99.445,99.384,99.394,99.454,98.943,99.495,98.796
816,99.544,99.309,99.419,99.606,98.932,99.374,98.643
816.05,99.477,99.312,99.48,99.538,99.196,99.506,98.708
816.1,99.583,99.434,99.379,99.449,99.316,99.557,98.715
816.15,99.614,99.298,99.367,99.313,99.239,99.388,98.77
816.2,99.504,99.364,99.345,99.158,99.298,99.306,98.671
816.25,99.323,99.466,99.281,99.104,99.272,99.261,98.572
816.3,99.323,99.535,99.353,98.988,99.139,99.092,98.517
816.35,99.205,99.425,99.541,98.982,99.185,99.135,98.546
816.4,98.956,99.405,99.596,98.918,99.174,99.211,98.665
816.45,98.97,99.44,99.496,98.903,99.126,99.121,98.466
816.5,98.994,99.307,99.533,98.9,99.127,99.048,98.492
816.55,98.86,99.344,99.564,98.959,99.187,99.107,98.436
816.6,98.903,99.374,99.529,99.014,99.184,99.191,98.38
816.65,98.985,99.287,99.507,98.988,99.187,99.188,98.267
816.7,98.941,99.324,99.504,98.943,99.106,99.243,98.193
816.75,98.886,99.464,99.249,98.819,98.991,99.245,98.166
816.8,98.83,99.438,99.062,98.807,99.026,99.08,98.099
816.85,98.828,99.348,99.171,98.685,98.845,98.979,98.166
816.9,98.645,99.248,98.973,98.74,98.763,98.938,97.932
816.95,98.753,99.083,98.915,98.595,98.708,99.008,97.928
817,98.895,98.911,99.055,98.547,98.584,98.863,97.853
817.05,98.834,98.935,99.052,98.581,98.488,98.825,97.795
817.1,98.785,98.825,98.97,98.656,98.476,98.764,97.705
817.15,98.77,98.788,99.165,98.648,98.483,98.72,97.672
817.2,98.88,98.621,99.379,98.708,98.276,98.888,97.562
817.25,98.81,98.602,99.281,98.83,98.175,98.804,97.664
817.3,98.878,98.691,99.442,98.767,98.283,98.773,97.751
817.35,98.669,98.692,99.454,98.785,98.1,98.567,97.902
817.4,98.537,98.726,99.362,98.758,98.235,98.692,98.068
817.45,98.485,98.698,99.269,98.878,98.222,98.74,98.065
817.5,98.64,98.688,99.252,98.763,98.158,98.595,98.3
817.55,98.849,98.575,99.127,98.824,98.105,98.689,98.367
817.6,98.996,98.752,98.92,98.662,98.062,98.549,98.207
817.65,98.915,98.75,98.805,98.654,98.244,98.589,98.006
817.7,98.901,98.689,98.776,98.759,98.17,98.674,97.882
817.75,98.932,98.749,98.735,98.727,98.19,98.672,97.701
817.8,98.965,98.814,98.708,98.837,98.111,98.732,97.495
817.85,99.129,98.825,98.68,98.607,98.189,98.767,97.496
817.9,98.865,98.946,98.708,98.671,98.232,98.909,97.385
817.95,98.714,99.103,98.795,98.691,98.181,98.889,97.382
818,98.471,98.994,98.953,98.615,98.3,98.799,97.583
818.05,98.526,99.031,98.918,98.557,98.257,98.726,97.765
818.1,98.531,99.071,98.773,98.401,98.116,98.692,97.801
818.15,98.433,98.959,98.618,98.479,98.056,98.705,97.835
818.2,98.576,98.859,98.444,98.267,98.141,98.694,97.971
818.25,98.541,98.761,98.517,98.297,98.083,98.579,97.995
818.3,98.656,98.627,98.532,98.216,98.096,98.657,97.952
818.35,98.624,98.442,98.346,98.184,98.199,98.61,98.033
818.4,98.622,98.293,98.199,98.106,98.41,98.729,97.987
818.45,98.518,98.184,98.259,98.027,98.338,98.822,97.847
818.5,98.424,98.354,98.32,98.08,98.431,98.822,98.016
818.55,98.671,98.416,98.447,98.033,98.651,98.874,98.065
818.6,98.607,98.508,98.558,98.091,98.563,98.891,97.981
818.65,98.508,98.602,98.563,98.064,98.357,98.822,98.141
818.7,98.444,98.555,98.5,98.183,98.376,98.854,98.311
818.75,98.471,98.538,98.633,98.164,98.288,98.903,98.163
818.8,98.415,98.578,98.613,98.37,98.116,98.74,98.213
818.85,98.656,98.618,98.668,98.351,98.172,98.66,98.326
818.9,98.784,98.502,98.766,98.318,98.216,98.759,98.279
818.95,98.665,98.532,98.726,98.318,98.167,98.851,98.309
819,98.596,98.546,98.753,98.38,98.311,98.648,98.384
819.05,98.683,98.564,98.74,98.378,98.427,98.772,98.358
819.1,98.933,98.576,98.691,98.404,98.64,98.595,98.288
819.15,98.903,98.718,98.822,98.512,98.676,98.599,98.204
819.2,98.975,98.698,98.845,98.465,98.608,98.697,98.125
819.25,98.753,98.663,98.953,98.669,98.569,98.907,97.992
819.3,98.706,98.637,98.811,98.753,98.544,98.88,97.82
819.35,98.875,98.637,98.807,98.718,98.473,98.834,97.821
819.4,98.883,98.697,98.683,98.642,98.474,98.793,97.812
819.45,98.824,98.703,98.705,98.621,98.723,98.546,97.739
819.5,98.674,98.701,98.647,98.592,98.625,98.584,97.617
819.55,98.77,98.592,98.347,98.531,98.645,98.515,97.775
819.6,98.682,98.907,98.329,98.579,98.55,98.535,97.795
819.65,98.636,98.88,98.268,98.441,98.526,98.447,97.87
819.7,98.52,98.831,98.296,98.421,98.549,98.283,97.952
819.75,98.344,98.799,98.357,98.306,98.584,98.296,98
819.8,98.215,98.575,98.346,98.315,98.459,98.402,97.983
819.85,98.088,98.643,98.268,98.419,98.334,98.656,98.022
819.9,98.019,98.726,98.46,98.323,98.224,98.737,98.256
819.95,97.885,98.802,98.59,98.222,98.366,98.813,98.242
820,97.853,98.611,98.599,98.166,98.453,98.846,98.215
820.05,97.78,98.668,98.422,98.155,98.573,98.688,98.203
820.1,97.882,98.549,98.438,98.061,98.492,98.817,98.354
820.15,97.963,98.607,98.39,98.102,98.503,98.763,98.203
820.2,97.975,98.648,98.503,98.338,98.572,98.57,98.239
820.25,97.867,98.607,98.456,98.07,98.514,98.436,98.08
820.3,97.868,98.679,98.299,98.022,98.563,98.215,97.964
820.35,97.917,98.654,98.158,97.966,98.407,98.189,97.919
820.4,97.94,98.473,98.154,97.943,98.595,98.148,98.05
820.45,98.077,98.515,98.312,98.047,98.618,98.186,98.233
820.5,98.109,98.595,98.286,98.184,98.643,98.183,98.224
820.55,98.07,98.448,98.112,98.099,98.506,98.122,98.358
820.6,97.957,98.479,98.029,97.809,98.392,98.293,98.315
820.65,98.097,98.416,98.091,97.937,98.39,98.344,98.515
820.7,98.041,98.328,98.027,98.083,98.337,98.567,98.625
820.75,98.044,98.283,98.039,98.035,98.436,98.608,98.73
820.8,98.128,98.355,97.957,97.945,98.355,98.672,98.761
820.85,98.106,98.361,97.961,97.832,98.17,98.72,98.662
820.9,97.987,98.454,97.862,97.916,98.141,98.788,98.695
820.95,97.888,98.404,97.974,98.018,98.283,98.734,98.631
821,97.806,98.366,97.865,98.138,98.318,98.827,98.607
821.05,97.934,98.409,97.792,98.201,98.293,98.897,98.557
821.1,97.899,98.274,97.81,98.094,98.412,98.845,98.45
821.15,97.85,98.299,97.801,98.186,98.453,98.845,98.299
821.2,97.661,98.329,97.769,98.251,98.347,98.705,98.358
821.25,97.578,98.283,97.646,98.233,98.573,98.792,98.306
821.3,97.639,98.236,97.554,98.116,98.511,98.514,98.151
821.35,97.765,98.347,97.61,98.087,98.471,98.52,98.18
821.4,97.966,98.404,97.678,98.085,98.567,98.291,98.297
821.45,97.729,98.346,97.665,98.033,98.566,98.244,98.479
821.5,97.842,98.326,97.76,98.01,98.54,98.273,98.436
821.55,97.783,98.366,97.731,98.126,98.463,98.306,98.56
821.6,97.955,98.543,97.823,98.106,98.508,98.239,98.518
821.65,98.062,98.552,98.013,98.251,98.43,98.23,98.611
821.7,97.963,98.38,98.19,98.256,98.491,98.383,98.581
821.75,97.708,98.262,98.152,98.328,98.477,98.477,98.547
821.8,97.713,98.058,98.167,98.145,98.477,98.65,98.492
821.85,97.693,98.122,98.3,98.064,98.526,98.601,98.425
821.9,97.601,98.259,98.329,98.096,98.488,98.708,98.55
821.95,97.615,98.109,98.373,97.943,98.308,98.698,98.659
822,97.649,97.905,98.289,97.87,98.267,98.97,98.572
822.05,97.459,97.783,98.138,97.743,98.27,98.94,98.628
822.1,97.35,97.771,97.986,97.603,98.213,98.918,98.72
822.15,97.284,97.749,98.013,97.545,98.28,98.941,98.695
822.2,97.202,97.844,97.995,97.705,98.096,98.997,98.64
822.25,97.22,97.627,97.856,97.675,98.036,99.001,98.627
822.3,97.154,97.394,97.586,97.603,97.816,98.929,98.564
822.35,96.962,97.27,97.406,97.556,97.928,98.814,98.485
822.4,96.817,97.229,97.427,97.487,98.05,98.761,98.471
822.45,96.925,97.247,97.278,97.386,97.978,98.79,98.329
822.5,96.95,97.31,97.302,97.337,97.928,98.694,98.068
822.55,97.018,97.215,97.031,97.174,97.82,98.55,98.073
822.6,96.954,97.04,96.852,97.005,98.074,98.341,98.067
822.65,96.962,96.902,96.779,97.067,97.995,98.296,97.911
822.7,96.98,96.869,96.89,96.977,98.077,98.117,97.745
822.75,96.925,96.875,96.922,96.994,98.058,98.09,97.679
822.8,96.805,96.785,96.715,96.898,97.925,97.937,97.527
822.85,96.579,96.567,96.593,96.855,97.882,97.852,97.531
822.9,96.53,96.346,96.521,96.809,97.903,97.87,97.556
822.95,96.469,96.407,96.548,96.823,97.807,97.911,97.484
823,96.298,96.443,96.436,96.822,97.311,97.749,97.282
823.05,96.202,96.423,96.384,96.671,97.162,97.621,97.124
823.1,96.111,96.405,96.179,96.703,97.009,97.528,96.948
823.15,96.274,96.335,96.26,96.452,96.828,97.391,96.725
823.2,96.161,96.501,96.411,96.552,96.674,97.035,96.57
823.25,96.024,96.468,96.355,96.443,96.519,96.774,96.188
823.3,95.763,96.518,96.216,96.317,96.469,96.689,96.007
823.35,95.488,96.471,96.121,96.127,96.298,96.4,95.808
823.4,95.355,96.361,96.051,96.106,96.437,96.387,95.782
823.45,95.084,96.129,95.883,96.001,96.207,96.35,95.717
823.5,94.501,95.79,95.801,95.645,96.063,96.112,95.775
823.55,93.939,95.532,95.457,95.587,95.935,95.94,95.644
823.6,93.376,95.087,95.113,95.328,95.686,96.039,95.587
823.65,92.76,94.763,94.908,94.943,95.486,96.114,95.48
823.7,92.067,94.279,94.724,94.56,95.255,96.03,95.49
823.75,91.255,93.61,94.241,94.017,95.213,96.016,95.378
823.8,90.178,93.001,93.782,93.301,95.02,96.001,95.2
823.85,88.986,92.365,93.14,92.664,95.016,95.766,94.987
823.9,87.715,91.589,92.319,91.907,94.791,95.74,94.913
823.95,86.298,90.559,91.397,90.999,94.647,95.766,94.643
824,84.802,89.395,90.355,89.777,94.397,95.523,94.501
824.05,82.979,87.967,89.122,88.498,94.141,95.033,94.397
824.1,80.997,86.493,87.605,87.167,93.819,94.701,94.099
824.15,78.761,84.856,86.168,85.669,93.454,94.629,93.724
824.2,76.341,82.928,84.341,83.833,92.947,94.351,93.382
824.25,73.784,80.902,82.469,81.694,92.349,94.044,92.999
824.3,71.208,78.65,80.38,79.469,91.803,93.695,92.41
824.35,68.141,76.245,78.096,76.933,91.072,93.204,92.142
824.4,65.096,73.611,75.676,74.345,90.341,92.801,91.606
824.45,62.119,70.944,72.906,71.645,89.42,92.383,91.08
824.5,58.902,68.04,70.146,68.697,88.367,91.818,90.237
824.55,55.774,65.007,67.131,65.659,87.036,90.752,89.304
824.6,52.614,61.789,64.185,62.511,85.561,89.777,88.286
824.65,49.49,58.691,60.956,59.447,84.105,88.765,87.193
824.7,46.288,55.579,57.697,56.29,82.553,87.558,85.666
824.75,43.355,52.342,54.556,53.088,80.821,86.131,83.968
824.8,40.366,49.211,51.23,49.858,78.767,84.801,82.098
824.85,37.398,46.069,48.08,46.721,76.575,83.168,80
824.9,34.621,42.941,44.978,43.497,74.229,81.358,77.91
824.95,31.863,40.013,41.905,40.453,71.841,79.553,75.781
825,29.358,37.109,38.864,37.552,69.298,77.408,73.369
825.05,26.874,34.184,35.956,34.618,66.653,75.093,70.677
825.1,24.571,31.459,33.232,31.848,63.777,72.659,68.173
825.15,22.403,28.941,30.53,29.253,60.696,70.128,65.349
825.2,20.348,26.392,28.008,26.862,57.774,67.287,62.419
825.25,18.52,24.077,25.734,24.481,54.808,64.381,59.573
825.3,16.867,21.889,23.439,22.342,51.7,61.351,56.619
825.35,15.367,19.78,21.353,20.329,48.683,58.284,53.47
825.4,13.928,17.992,19.403,18.394,45.677,55.099,50.323
825.45,12.625,16.292,17.619,16.721,42.709,51.894,47.264
825.5,11.491,14.693,15.956,15.163,39.799,48.749,44.167
825.55,10.468,13.321,14.412,13.701,37.013,45.575,41.156
825.6,9.575,12.045,13.112,12.416,34.206,42.406,38.272
825.65,8.768,10.915,11.864,11.292,31.525,39.439,35.329
825.7,8.067,9.952,10.757,10.315,29.088,36.545,32.597
825.75,7.446,9.109,9.741,9.37,26.689,33.71,30.008
825.8,6.903,8.344,8.9,8.623,24.5,31.192,27.559
825.85,6.432,7.675,8.122,7.863,22.366,28.775,25.217
825.9,5.959,7.088,7.452,7.224,20.415,26.399,23.047
825.95,5.589,6.499,6.873,6.66,18.587,24.179,21.085
826,5.237,6.007,6.305,6.117,16.948,22.11,19.125
826.05,4.915,5.606,5.832,5.688,15.463,20.216,17.406
826.1,4.608,5.202,5.399,5.249,14.108,18.449,15.799
826.15,4.361,4.863,5.037,4.907,12.871,16.776,14.359
826.2,4.115,4.558,4.707,4.55,11.775,15.137,13.054
826.25,3.932,4.297,4.425,4.289,10.764,13.763,11.885
826.3,3.824,4.08,4.16,4.063,9.827,12.495,10.815
826.35,3.677,3.9,3.905,3.83,9.01,11.403,9.851
826.4,3.551,3.714,3.676,3.621,8.282,10.417,9.088
826.45,3.429,3.485,3.468,3.419,7.597,9.506,8.328
826.5,3.34,3.337,3.32,3.311,6.985,8.701,7.648
826.55,3.236,3.186,3.166,3.148,6.416,8,7.057
826.6,3.154,3.027,3.05,3.038,5.922,7.381,6.523
826.65,3.079,2.882,2.928,2.908,5.473,6.776,6.056
826.7,2.968,2.769,2.826,2.762,5.086,6.27,5.611
826.75,2.841,2.647,2.718,2.657,4.753,5.8,5.222
826.8,2.776,2.571,2.608,2.551,4.439,5.37,4.837
826.85,2.705,2.518,2.524,2.48,4.155,4.942,4.521
826.9,2.631,2.452,2.412,2.357,3.912,4.588,4.254
826.95,2.567,2.408,2.339,2.313,3.699,4.285,3.967
827,2.509,2.373,2.289,2.266,3.52,4.044,3.766
827.05,2.409,2.313,2.242,2.203,3.358,3.802,3.534
827.1,2.371,2.252,2.182,2.153,3.165,3.629,3.348
827.15,2.33,2.187,2.147,2.119,3.02,3.444,3.175
827.2,2.252,2.155,2.118,2.063,2.917,3.29,3.065
827.25,2.176,2.101,2.063,1.99,2.834,3.154,2.933
827.3,2.13,2.014,2.051,1.965,2.713,3.024,2.817
827.35,2.09,1.924,2.025,1.892,2.625,2.892,2.736
827.4,2.049,1.859,1.939,1.834,2.545,2.733,2.628
827.45,2.025,1.816,1.901,1.802,2.455,2.646,2.536
827.5,2.002,1.764,1.839,1.758,2.415,2.557,2.44
827.55,1.993,1.741,1.785,1.732,2.362,2.454,2.379
827.6,1.938,1.704,1.74,1.736,2.278,2.377,2.274
827.65,1.903,1.683,1.686,1.707,2.193,2.313,2.176
827.7,1.872,1.678,1.613,1.663,2.15,2.226,2.122
827.75,1.831,1.646,1.556,1.625,2.075,2.194,2.078
827.8,1.768,1.62,1.538,1.593,1.985,2.174,2.051
827.85,1.749,1.608,1.498,1.582,1.936,2.144,1.985
827.9,1.695,1.581,1.488,1.567,1.904,2.094,1.965
827.95,1.649,1.537,1.463,1.537,1.859,2.029,1.93
828,1.631,1.494,1.431,1.482,1.889,1.978,1.903
828.05,1.602,1.439,1.43,1.457,1.878,1.93,1.878
828.1,1.569,1.43,1.445,1.419,1.859,1.884,1.802
828.15,1.534,1.384,1.431,1.405,1.826,1.811,1.756
828.2,1.508,1.352,1.372,1.389,1.81,1.787,1.678
828.25,1.477,1.303,1.353,1.375,1.775,1.749,1.682
828.3,1.421,1.282,1.303,1.355,1.721,1.682,1.645
828.35,1.373,1.245,1.268,1.328,1.692,1.677,1.605
828.4,1.344,1.225,1.23,1.353,1.645,1.645,1.57
828.45,1.328,1.234,1.205,1.346,1.553,1.595,1.535
828.5,1.305,1.167,1.178,1.315,1.521,1.561,1.538
828.55,1.273,1.178,1.155,1.289,1.483,1.57,1.489
828.6,1.244,1.16,1.149,1.23,1.407,1.509,1.491
828.65,1.221,1.105,1.122,1.184,1.389,1.479,1.45
828.7,1.219,1.094,1.12,1.137,1.361,1.442,1.44
828.75,1.213,1.105,1.102,1.112,1.358,1.407,1.384
828.8,1.175,1.062,1.082,1.07,1.276,1.396,1.367
828.85,1.115,1.027,1.077,1.038,1.292,1.367,1.361
828.9,1.089,1.044,1.053,1.041,1.273,1.353,1.317
828.95,1.057,1.01,0.996,1.015,1.266,1.311,1.276
829,1.03,0.99,0.96,0.993,1.26,1.305,1.222
829.05,0.998,0.989,0.945,0.967,1.23,1.263,1.193
829.1,0.954,0.978,0.949,0.974,1.212,1.266,1.166
829.15,0.912,0.963,0.912,0.931,1.183,1.241,1.175
829.2,0.912,0.969,0.909,0.9,1.202,1.205,1.147
829.25,0.906,0.938,0.864,0.874,1.143,1.228,1.108
829.3,0.887,0.899,0.841,0.859,1.103,1.183,1.074
829.35,0.873,0.916,0.842,0.836,1.074,1.137,1.082
829.4,0.848,0.903,0.845,0.848,1.057,1.103,1.091
829.45,0.818,0.911,0.806,0.847,1.03,1.065,1.096
829.5,0.809,0.864,0.763,0.8,1.012,1.021,1.038
829.55,0.769,0.81,0.757,0.79,0.992,1.013,0.995
829.6,0.734,0.754,0.745,0.781,0.949,0.967,0.96
829.65,0.729,0.739,0.732,0.766,0.966,0.916,0.931
829.7,0.708,0.749,0.673,0.717,0.923,0.912,0.937
829.75,0.705,0.711,0.642,0.703,0.909,0.916,0.894
829.8,0.685,0.713,0.639,0.647,0.903,0.919,0.893
829.85,0.69,0.682,0.638,0.604,0.871,0.905,0.87
829.9,0.671,0.674,0.613,0.601,0.836,0.916,0.871
829.95,0.652,0.662,0.604,0.58,0.816,0.888,0.856
830,0.627,0.664,0.589,0.531,0.79,0.87,0.858
830.05,0.603,0.653,0.587,0.51,0.749,0.835,0.861
830.1,0.565,0.626,0.592,0.504,0.731,0.812,0.841
830.15,0.531,0.6,0.594,0.488,0.72,0.78,0.832
830.2,0.529,0.551,0.578,0.5,0.684,0.758,0.763
830.25,0.496,0.542,0.566,0.473,0.688,0.755,0.72
830.3,0.473,0.519,0.562,0.446,0.706,0.719,0.706
830.35,0.45,0.526,0.554,0.464,0.674,0.69,0.702
830.4,0.479,0.516,0.526,0.459,0.677,0.677,0.664
830.45,0.471,0.525,0.507,0.449,0.679,0.685,0.612
830.5,0.476,0.494,0.499,0.427,0.668,0.685,0.578
830.55,0.458,0.482,0.464,0.417,0.642,0.676,0.555
830.6,0.446,0.481,0.436,0.392,0.633,0.638,0.562
830.65,0.427,0.479,0.417,0.397,0.592,0.598,0.551
830.7,0.407,0.473,0.433,0.397,0.531,0.572,0.534
830.75,0.421,0.484,0.4,0.348,0.507,0.558,0.49
830.8,0.41,0.479,0.395,0.354,0.494,0.536,0.482
830.85,0.404,0.409,0.351,0.351,0.462,0.529,0.479
830.9,0.394,0.38,0.359,0.366,0.453,0.494,0.481
830.95,0.381,0.394,0.375,0.36,0.438,0.491,0.464
831,0.352,0.371,0.359,0.337,0.418,0.49,0.447
831.05,0.322,0.308,0.343,0.299,0.404,0.5,0.458
831.1,0.322,0.276,0.296,0.298,0.394,0.502,0.45
831.15,0.304,0.22,0.299,0.302,0.424,0.496,0.447
831.2,0.255,0.182,0.27,0.279,0.407,0.487,0.453
831.25,0.235,0.211,0.288,0.24,0.4,0.458,0.482
831.3,0.232,0.214,0.262,0.185,0.365,0.453,0.462
831.35,0.229,0.215,0.223,0.168,0.368,0.435,0.459
831.4,0.218,0.195,0.221,0.151,0.378,0.424,0.435
831.45,0.211,0.223,0.223,0.191,0.375,0.389,0.395
831.5,0.2,0.203,0.206,0.172,0.363,0.392,0.356
831.55,0.189,0.198,0.204,0.171,0.328,0.401,0.349
831.6,0.175,0.16,0.197,0.146,0.323,0.374,0.34
831.65,0.166,0.154,0.18,0.165,0.296,0.374,0.314
831.7,0.151,0.136,0.159,0.182,0.296,0.378,0.304
831.75,0.124,0.087,0.189,0.183,0.278,0.34,0.285
831.8,0.14,0.11,0.159,0.185,0.238,0.322,0.293
831.85,0.133,0.064,0.134,0.137,0.235,0.328,0.31
831.9,0.117,0.108,0.124,0.13,0.25,0.281,0.313
831.95,0.098,0.117,0.101,0.105,0.22,0.237,0.302
832,0.111,0.139,0.102,0.145,0.185,0.259,0.278
832.05,0.104,0.11,0.079,0.127,0.211,0.266,0.262
832.1,0.104,0.111,0.084,0.122,0.201,0.258,0.235
832.15,0.108,0.098,0.066,0.113,0.175,0.269,0.237
832.2,0.085,0.06,0.073,0.113,0.183,0.235,0.23
832.25,0.105,0.061,0.058,0.137,0.168,0.223,0.215
832.3,0.105,0.041,0.079,0.153,0.16,0.243,0.201
832.35,0.125,0.021,0.093,0.182,0.165,0.267,0.189
832.4,0.092,0,0.076,0.151,0.168,0.247,0.172
832.45,0.111,-0.026,0.076,0.131,0.143,0.212,0.168
832.5,0.064,-0.034,0.066,0.133,0.163,0.166,0.165
832.55,0.055,-0.043,0.04,0.127,0.194,0.136,0.162
832.6,0.047,-0.034,0.032,0.156,0.18,0.157,0.145
832.65,0.031,-0.011,0.044,0.134,0.18,0.151,0.108
832.7,0.034,-0.014,0.006,0.156,0.163,0.14,0.11
832.75,0.015,0.02,-0.011,0.117,0.171,0.11,0.081
832.8,0.023,0.046,-0.009,0.114,0.154,0.092,0.108
832.85,0.012,0.076,0.005,0.134,0.159,0.098,0.063
832.9,0.029,0.078,-0.006,0.114,0.142,0.11,0.027
832.95,0.072,0.072,0.053,0.119,0.111,0.133,-0.024
833,0.038,0.081,0.046,0.114,0.125,0.107,-0.017
833.05,0.021,0.087,0.041,0.09,0.116,0.102,-0.014
833.1,0.005,0.046,0.075,0.049,0.136,0.066,0
833.15,0.011,0.002,0.044,0.056,0.101,0.073,0.02
833.2,-0.002,-0.003,0.038,0.031,0.116,0.06,-0.014
833.25,0.009,-0.005,0.021,0.044,0.124,0.052,0.031
833.3,0.011,0.003,0.032,0.082,0.11,0.067,0.034
833.35,-0.006,-0.003,-0.023,0.076,0.099,0.058,0.081
833.4,0.018,0.006,-0.002,0.047,0.075,0.07,0.06
833.45,0.021,0.009,-0.018,0.043,0.075,0.053,0.078
833.5,0.038,0.017,-0.034,0.026,0.026,0.082,0.058
833.55,0.04,0.023,-0.015,0.018,0.047,0.075,0.058
833.6,0.029,0.009,0.006,0.034,0.026,0.078,0.032
833.65,0.003,0.003,0.018,0.005,-0.002,0.09,0.026
833.7,0.018,-0.003,0.038,-0.032,-0.015,0.079,0.07
833.75,-0.009,0.031,0.046,-0.037,-0.003,0.09,0.075
833.8,-0.029,0.015,0.026,-0.023,0.003,0.093,0.078
833.85,-0.047,-0.012,0.047,-0.005,-0.002,0.098,0.07
833.9,-0.063,-0.005,0.034,0.002,0.02,0.079,0.084
833.95,-0.05,-0.015,0.04,-0.005,0.017,0.047,0.072
834,-0.038,-0.014,0.032,-0.005,0.043,0.055,0.113
834.05,-0.038,-0.009,0.002,-0.006,0.044,0.02,0.124
834.1,-0.087,-0.006,-0.027,-0.017,0.05,-0.052,0.117
834.15,-0.113,-0.047,-0.026,-0.026,0.011,-0.082,0.108
834.2,-0.101,-0.041,-0.026,-0.046,0.005,-0.107,0.114
834.25,-0.072,-0.046,-0.049,-0.076,-0.015,-0.134,0.093
834.3,-0.089,-0.067,-0.037,-0.09,-0.029,-0.125,0.079
834.35,-0.121,-0.063,-0.06,-0.076,-0.053,-0.11,0.114
834.4,-0.117,-0.063,-0.053,-0.085,-0.049,-0.102,0.095
834.45,-0.128,-0.084,-0.002,-0.076,-0.07,-0.09,0.056
834.5,-0.092,-0.093,-0.008,-0.06,-0.066,-0.02,0.049
834.55,-0.079,-0.092,-0.017,-0.082,-0.034,0,0.024
834.6,-0.089,-0.131,-0.006,-0.089,-0.035,0.005,0.009
834.65,-0.087,-0.125,0.023,-0.05,-0.017,0.012,0.021
834.7,-0.087,-0.102,0.005,-0.024,0,0.009,0.021
834.75,-0.076,-0.093,0.031,-0.002,-0.038,0.02,-0.005
834.8,-0.044,-0.076,0,0.015,-0.061,-0.002,-0.018
834.85,0,-0.064,-0.061,-0.014,-0.05,-0.015,-0.012
834.9,-0.006,-0.058,-0.04,-0.031,-0.055,-0.027,-0.018
834.95,0.002,-0.035,-0.041,-0.005,-0.044,-0.056,0.015
835,-0.003,0.003,-0.085,-0.009,-0.044,-0.061,0.014
835.05,-0.008,-0.014,-0.136,-0.012,-0.061,-0.049,0.008
835.1,0.008,-0.012,-0.139,-0.052,-0.046,-0.064,-0.011
835.15,-0.011,0.006,-0.157,-0.11,0.011,-0.081,-0.035
835.2,-0.046,-0.052,-0.137,-0.121,-0.006,-0.069,-0.012
835.25,-0.073,-0.05,-0.116,-0.102,-0.02,-0.041,-0.003
835.3,-0.116,-0.082,-0.117,-0.087,-0.031,-0.05,0.018
835.35,-0.133,-0.085,-0.139,-0.098,-0.055,-0.046,-0.002
835.4,-0.127,-0.079,-0.107,-0.089,-0.076,-0.04,0.014
835.45,-0.125,-0.069,-0.093,-0.079,-0.107,-0.052,0.023
835.5,-0.117,-0.049,-0.076,-0.058,-0.136,-0.027,0.047
835.55,-0.099,-0.076,-0.049,-0.043,-0.133,-0.008,0.046
835.6,-0.087,-0.038,-0.079,-0.038,-0.13,-0.026,0.061
835.65,-0.095,-0.044,-0.092,-0.034,-0.119,-0.024,0.061
835.7,-0.092,-0.037,-0.113,-0.069,-0.139,-0.014,0.038
835.75,-0.089,-0.041,-0.093,-0.072,-0.143,-0.005,0.026
835.8,-0.073,-0.053,-0.079,-0.056,-0.136,-0.009,0.009
835.85,-0.078,-0.044,-0.076,-0.069,-0.081,0.003,0.005
835.9,-0.084,-0.076,-0.104,-0.04,-0.078,-0.008,-0.056
835.95,-0.076,-0.069,-0.122,-0.02,-0.102,-0.024,-0.044
836,-0.096,-0.05,-0.084,-0.052,-0.102,-0.02,-0.084
836.05,-0.107,-0.038,-0.076,-0.047,-0.093,-0.034,-0.072
836.1,-0.069,-0.053,-0.075,-0.026,-0.07,-0.043,-0.098
836.15,-0.04,-0.05,-0.069,-0.005,-0.067,-0.044,-0.073
836.2,-0.055,-0.061,-0.081,-0.02,-0.052,-0.043,-0.076
836.25,-0.056,-0.084,-0.075,-0.044,-0.064,-0.032,-0.078
836.3,-0.066,-0.111,-0.052,-0.087,-0.07,-0.044,-0.026
836.35,-0.079,-0.117,-0.064,-0.095,-0.066,-0.032,-0.043
836.4,-0.069,-0.131,-0.09,-0.093,-0.047,-0.041,-0.034
836.45,-0.067,-0.153,-0.066,-0.104,-0.061,-0.056,-0.075
836.5,-0.046,-0.121,-0.053,-0.066,-0.058,-0.066,-0.044
836.55,-0.06,-0.104,-0.075,-0.114,-0.044,-0.072,-0.038
836.6,-0.067,-0.095,-0.073,-0.102,-0.075,-0.078,-0.047
836.65,-0.082,-0.087,-0.05,-0.087,-0.092,-0.095,-0.078
836.7,-0.082,-0.063,-0.053,-0.076,-0.111,-0.085,-0.073
836.75,-0.092,-0.058,-0.056,-0.098,-0.082,-0.079,-0.05
836.8,-0.107,-0.038,-0.037,-0.052,-0.095,-0.049,-0.034
836.85,-0.125,-0.047,-0.053,-0.052,-0.078,-0.029,0.005
836.9,-0.166,-0.043,-0.044,-0.101,-0.082,-0.046,0.024
836.95,-0.165,-0.043,-0.024,-0.073,-0.082,-0.047,-0.011
837,-0.124,-0.081,-0.046,-0.104,-0.038,-0.055,0.012
837.05,-0.122,-0.052,-0.058,-0.064,-0.038,-0.041,0.04
837.1,-0.104,-0.014,-0.052,-0.075,-0.006,-0.058,0.017
837.15,-0.078,-0.023,-0.029,-0.082,-0.024,-0.082,0.017
837.2,-0.075,-0.015,-0.023,-0.108,-0.009,-0.099,0.041
837.25,-0.038,0.005,-0.012,-0.084,-0.003,-0.102,0.032
837.3,-0.014,-0.012,-0.038,-0.053,0.035,-0.099,0.02
837.35,-0.012,-0.015,-0.026,-0.041,0.008,-0.085,0.046
837.4,-0.032,0.017,-0.04,-0.005,0.002,-0.076,0.052
837.45,-0.021,0,-0.021,-0.049,0.024,-0.078,0.047
837.5,-0.053,-0.026,-0.034,-0.034,0.008,-0.082,0.061
837.55,-0.084,-0.018,-0.043,-0.015,-0.018,-0.098,0.046
837.6,-0.058,-0.073,-0.066,-0.032,-0.053,-0.081,0.017
837.65,-0.082,-0.09,-0.072,-0.061,-0.046,-0.095,0.024
837.7,-0.105,-0.098,-0.064,-0.047,-0.044,-0.072,0.017
837.75,-0.139,-0.114,-0.089,-0.05,-0.008,-0.079,0.02
837.8,-0.146,-0.136,-0.066,-0.078,0.009,-0.056,0.032
837.85,-0.154,-0.133,-0.076,-0.076,0.009,-0.081,0.044
837.9,-0.143,-0.131,-0.029,-0.069,0.002,-0.052,0.055
837.95,-0.157,-0.117,0.002,-0.066,0.035,0.005,0.079
838,-0.197,-0.104,0.012,-0.046,0.064,0.005,0.079
838.05,-0.197,-0.072,0.02,-0.037,0.015,-0.002,0.052
838.1,-0.192,-0.082,0.035,-0.056,-0.021,0.005,0.055
838.15,-0.166,-0.085,0.024,-0.055,-0.063,0.02,0.04
838.2,-0.171,-0.072,0.018,-0.053,-0.084,0.006,0.009
838.25,-0.159,-0.087,0.002,-0.067,-0.095,0.034,0.008
838.3,-0.15,-0.095,-0.038,-0.069,-0.096,0.047,0.006
838.35,-0.119,-0.146,-0.079,-0.076,-0.121,0.035,0.002
838.4,-0.104,-0.131,-0.085,-0.064,-0.131,0.015,-0.017
838.45,-0.082,-0.117,-0.111,-0.055,-0.081,0.027,-0.037
838.5,-0.073,-0.078,-0.14,-0.079,-0.092,0.02,-0.037
838.55,-0.061,-0.069,-0.151,-0.075,-0.079,0.011,-0.041
838.6,-0.049,-0.067,-0.159,-0.072,-0.072,0.023,-0.055
838.65,-0.055,-0.052,-0.166,-0.026,-0.084,-0.008,-0.06
838.7,-0.053,-0.043,-0.134,0.002,-0.06,-0.049,-0.089
838.75,-0.078,0.002,-0.125,0.02,-0.049,-0.064,-0.111
838.8,-0.081,-0.021,-0.13,0.018,-0.05,-0.069,-0.101
838.85,-0.06,-0.058,-0.13,0.018,-0.078,-0.067,-0.087
838.9,-0.063,-0.102,-0.111,0.07,-0.064,-0.09,-0.092
838.95,-0.056,-0.117,-0.079,0.067,-0.044,-0.107,-0.072
839,-0.09,-0.136,-0.069,0.09,-0.084,-0.14,-0.052
839.05,-0.107,-0.124,-0.055,0.038,-0.087,-0.102,-0.063
839.1,-0.108,-0.134,-0.069,0.017,-0.104,-0.078,-0.061
839.15,-0.107,-0.162,-0.081,0.02,-0.087,-0.082,-0.018
839.2,-0.098,-0.16,-0.082,0.029,-0.075,-0.081,-0.031
839.25,-0.127,-0.131,-0.07,0.026,-0.069,-0.098,-0.012
839.3,-0.13,-0.114,-0.06,-0.005,-0.082,-0.073,-0.008
839.35,-0.139,-0.099,-0.061,-0.006,-0.087,-0.035,-0.011
839.4,-0.117,-0.069,-0.037,-0.02,-0.07,-0.012,-0.009
839.45,-0.085,-0.102,-0.041,0.008,-0.064,-0.017,0.014
839.5,-0.113,-0.096,-0.079,-0.023,-0.044,-0.032,-0.006
839.55,-0.084,-0.053,-0.064,-0.041,-0.038,-0.05,-0.017
839.6,-0.067,-0.06,-0.075,-0.055,-0.06,-0.04,-0.014
839.65,-0.089,-0.092,-0.084,-0.056,-0.056,-0.031,-0.011
839.7,-0.093,-0.064,-0.089,-0.081,-0.038,-0.02,-0.002
839.75,-0.104,-0.081,-0.142,-0.098,-0.06,-0.066,-0.021
839.8,-0.087,-0.095,-0.165,-0.078,-0.038,-0.064,-0.029
839.85,-0.114,-0.084,-0.16,-0.087,-0.015,-0.087,-0.063
839.9,-0.076,-0.089,-0.133,-0.073,-0.008,-0.095,-0.043
839.95,-0.066,-0.137,-0.136,-0.07,-0.038,-0.075,-0.055
840,-0.06,-0.128,-0.116,-0.09,-0.04,-0.073,-0.064
840.05,-0.029,-0.098,-0.121,-0.084,-0.053,-0.072,-0.079
840.1,-0.027,-0.119,-0.153,-0.058,-0.056,-0.092,-0.096
840.15,-0.017,-0.113,-0.107,-0.043,-0.043,-0.06,-0.076
840.2,-0.023,-0.105,-0.102,-0.07,-0.067,-0.082,-0.079
840.25,-0.003,-0.09,-0.085,-0.066,-0.058,-0.082,-0.053
840.3,-0.027,-0.076,-0.107,-0.076,-0.087,-0.052,-0.049
840.35,-0.056,-0.044,-0.096,-0.072,-0.084,-0.047,-0.038
840.4,-0.098,-0.05,-0.095,-0.047,-0.053,-0.072,-0.05
840.45,-0.14,-0.038,-0.07,-0.056,-0.063,-0.085,-0.04
840.5,-0.122,-0.027,-0.056,-0.064,-0.087,-0.099,-0.037
840.55,-0.139,-0.035,-0.006,-0.069,-0.072,-0.143,-0.043
840.6,-0.163,-0.044,-0.012,-0.044,-0.066,-0.11,-0.031
840.65,-0.172,-0.063,-0.056,-0.032,-0.089,-0.099,-0.029
840.7,-0.153,-0.107,-0.052,-0.027,-0.107,-0.082,-0.038
840.75,-0.124,-0.124,-0.049,-0.009,-0.096,-0.104,-0.064
840.8,-0.087,-0.107,-0.015,-0.06,-0.121,-0.053,-0.056
840.85,-0.046,-0.134,0.005,-0.101,-0.11,-0.017,-0.076
840.9,-0.041,-0.139,0.052,-0.13,-0.096,0.026,-0.096
840.95,-0.021,-0.127,0.041,-0.169,-0.117,0.079,-0.116
841,0.008,-0.113,0.084,-0.226,-0.114,0.082,-0.131
