340,0.003,-0.104,-0.015,-0.066,-0.003,-0.006,-0.121
340.05,-0.012,-0.099,-0.024,-0.058,-0.011,-0.027,-0.128
340.1,-0.034,-0.085,-0.052,-0.046,-0.038,-0.046,-0.104
340.15,-0.049,-0.07,-0.038,-0.046,-0.063,-0.079,-0.111
340.2,-0.056,-0.069,-0.055,-0.053,-0.072,-0.087,-0.128
340.25,-0.078,-0.058,-0.058,-0.031,-0.058,-0.079,-0.105
340.3,-0.072,-0.026,-0.064,-0.027,-0.075,-0.101,-0.104
340.35,-0.098,-0.018,-0.072,-0.037,-0.067,-0.079,-0.079
340.4,-0.082,-0.04,-0.04,-0.04,-0.078,-0.063,-0.075
340.45,-0.092,-0.047,-0.056,-0.063,-0.09,-0.072,-0.064
340.5,-0.078,-0.069,-0.038,-0.055,-0.069,-0.076,-0.092
340.55,-0.053,-0.067,-0.063,-0.064,-0.064,-0.035,-0.101
340.6,-0.099,-0.066,-0.064,-0.056,-0.061,-0.041,-0.096
340.65,-0.069,-0.064,-0.024,-0.087,-0.093,-0.024,-0.096
340.7,-0.116,-0.067,-0.023,-0.096,-0.095,-0.003,-0.085
340.75,-0.104,-0.061,-0.034,-0.089,-0.108,-0.023,-0.096
340.8,-0.127,-0.05,-0.055,-0.085,-0.14,-0.014,-0.087
340.85,-0.125,-0.032,-0.017,-0.079,-0.133,0.012,-0.09
340.9,-0.134,-0.015,-0.003,-0.099,-0.139,0.008,-0.11
340.95,-0.165,-0.038,0,-0.108,-0.134,-0.024,-0.092
341,-0.116,-0.032,-0.009,-0.101,-0.127,-0.04,-0.052
341.05,-0.136,-0.041,-0.041,-0.093,-0.114,-0.063,-0.061
341.1,-0.127,-0.056,-0.06,-0.092,-0.087,-0.07,-0.072
341.15,-0.113,-0.092,-0.029,-0.102,-0.078,-0.084,-0.073
341.2,-0.107,-0.079,-0.011,-0.082,-0.041,-0.087,-0.075
341.25,-0.092,-0.087,-0.034,-0.072,-0.02,-0.114,-0.09
341.3,-0.069,-0.09,-0.053,-0.089,-0.015,-0.095,-0.063
341.35,-0.081,-0.079,-0.056,-0.078,-0.006,-0.075,-0.041
341.4,-0.07,-0.081,-0.029,-0.079,0,-0.069,-0.069
341.45,-0.084,-0.056,-0.047,-0.089,0,-0.072,-0.082
341.5,-0.07,-0.053,-0.053,-0.092,-0.008,-0.067,-0.055
341.55,-0.09,-0.037,-0.076,-0.089,-0.006,-0.044,-0.044
341.6,-0.076,-0.043,-0.076,-0.104,-0.04,-0.052,-0.034
341.65,-0.099,-0.029,-0.085,-0.116,-0.05,-0.032,-0.018
341.7,-0.127,-0.04,-0.096,-0.102,-0.038,-0.063,-0.026
341.75,-0.096,-0.029,-0.096,-0.09,-0.024,-0.072,-0.055
341.8,-0.105,-0.015,-0.108,-0.099,-0.018,-0.075,-0.046
341.85,-0.099,-0.038,-0.095,-0.069,-0.011,-0.064,-0.026
341.9,-0.093,-0.049,-0.079,-0.067,-0.041,-0.076,-0.04
341.95,-0.069,-0.032,-0.081,-0.069,-0.017,-0.089,-0.055
342,-0.073,-0.061,-0.102,-0.061,-0.005,-0.081,-0.061
342.05,-0.047,-0.084,-0.079,-0.046,-0.02,-0.093,-0.063
342.1,-0.037,-0.082,-0.063,-0.044,-0.035,-0.052,-0.06
342.15,-0.038,-0.102,-0.066,-0.047,-0.05,-0.047,-0.052
342.2,-0.031,-0.131,-0.06,-0.037,-0.093,-0.023,-0.07
342.25,0.002,-0.153,-0.066,-0.026,-0.099,-0.012,-0.069
342.3,-0.015,-0.125,-0.07,-0.021,-0.073,-0.014,-0.063
342.35,-0.023,-0.15,-0.084,-0.044,-0.121,-0.02,-0.055
342.4,0.003,-0.131,-0.079,-0.073,-0.121,-0.027,-0.056
342.45,0.008,-0.131,-0.076,-0.07,-0.128,-0.018,-0.046
342.5,0.017,-0.105,-0.081,-0.089,-0.121,-0.047,-0.069
342.55,0.024,-0.081,-0.072,-0.102,-0.121,-0.034,-0.082
342.6,0.012,-0.073,-0.092,-0.116,-0.096,-0.034,-0.079
342.65,-0.005,-0.047,-0.078,-0.127,-0.087,-0.035,-0.102
342.7,0.018,-0.069,-0.093,-0.13,-0.085,-0.044,-0.11
342.75,0.029,-0.064,-0.081,-0.101,-0.07,-0.034,-0.084
342.8,0.009,-0.055,-0.093,-0.07,-0.067,-0.011,-0.064
342.85,0.012,-0.046,-0.108,-0.06,-0.047,-0.017,-0.066
342.9,0.008,-0.078,-0.114,-0.037,-0.052,0.011,-0.043
342.95,-0.002,-0.081,-0.119,-0.047,-0.06,-0.032,-0.037
343,-0.005,-0.07,-0.105,-0.034,-0.049,-0.031,-0.031
343.05,-0.008,-0.073,-0.113,-0.05,-0.044,-0.052,-0.003
343.1,-0.014,-0.072,-0.098,-0.046,-0.035,-0.037,-0.015
343.15,-0.015,-0.067,-0.099,-0.044,-0.029,-0.043,-0.038
343.2,0.005,-0.087,-0.072,-0.041,-0.029,-0.073,-0.064
343.25,-0.027,-0.092,-0.061,-0.037,-0.046,-0.053,-0.067
343.3,-0.043,-0.095,-0.032,-0.037,-0.037,-0.087,-0.07
343.35,-0.049,-0.101,-0.037,0,-0.04,-0.061,-0.064
343.4,-0.032,-0.099,-0.006,0,-0.066,-0.072,-0.069
343.45,-0.027,-0.096,0.002,0.027,-0.072,-0.05,-0.069
343.5,-0.021,-0.082,-0.009,0.035,-0.095,-0.044,-0.07
343.55,-0.046,-0.108,0.005,0.031,-0.078,-0.04,-0.064
343.6,-0.095,-0.093,-0.002,0.023,-0.099,-0.05,-0.076
343.65,-0.087,-0.114,-0.02,0.026,-0.098,-0.064,-0.105
343.7,-0.087,-0.093,-0.05,0.018,-0.093,-0.041,-0.099
343.75,-0.084,-0.114,-0.053,0.02,-0.104,-0.035,-0.092
343.8,-0.107,-0.136,-0.081,0.023,-0.098,-0.046,-0.09
343.85,-0.11,-0.134,-0.084,0.014,-0.107,-0.034,-0.116
343.9,-0.125,-0.159,-0.067,0.047,-0.093,-0.05,-0.113
343.95,-0.113,-0.14,-0.09,0.038,-0.085,-0.032,-0.096
344,-0.095,-0.143,-0.095,0.037,-0.072,0,-0.111
344.05,-0.098,-0.116,-0.113,0.026,-0.061,-0.006,-0.084
344.1,-0.089,-0.136,-0.105,0.032,-0.079,-0.024,-0.081
344.15,-0.095,-0.128,-0.107,0.031,-0.063,-0.032,-0.076
344.2,-0.095,-0.127,-0.098,0.044,-0.061,-0.027,-0.073
344.25,-0.108,-0.114,-0.104,0.034,-0.076,-0.046,-0.073
344.3,-0.099,-0.096,-0.107,-0.011,-0.061,-0.015,-0.067
344.35,-0.104,-0.076,-0.069,-0.005,-0.072,-0.029,-0.089
344.4,-0.095,-0.082,-0.069,-0.012,-0.056,-0.047,-0.032
344.45,-0.087,-0.102,-0.046,-0.006,-0.055,-0.037,-0.024
344.5,-0.075,-0.064,-0.052,-0.009,-0.061,-0.031,-0.027
344.55,-0.07,-0.073,-0.027,-0.04,-0.049,-0.008,-0.035
344.6,-0.072,-0.053,-0.015,-0.064,-0.037,-0.003,-0.024
344.65,-0.049,-0.053,-0.014,-0.061,-0.011,0.002,-0.024
344.7,-0.02,-0.066,-0.029,-0.063,-0.053,-0.027,-0.012
344.75,-0.011,-0.087,-0.043,-0.061,-0.07,-0.029,-0.011
344.8,-0.015,-0.084,-0.029,-0.044,-0.079,-0.021,-0.023
344.85,-0.021,-0.063,-0.012,-0.055,-0.072,-0.017,-0.046
344.9,-0.035,-0.087,-0.021,-0.053,-0.061,0,-0.049
344.95,-0.047,-0.09,-0.014,-0.008,-0.061,-0.026,-0.055
345,-0.069,-0.084,-0.043,-0.027,-0.082,-0.046,-0.05
345.05,-0.066,-0.104,-0.032,-0.041,-0.081,-0.058,-0.053
345.1,-0.108,-0.089,0.002,-0.035,-0.024,-0.017,-0.053
345.15,-0.127,-0.081,-0.005,-0.017,-0.017,-0.012,-0.089
345.2,-0.119,-0.081,-0.009,-0.064,-0.034,0.014,-0.105
345.25,-0.114,-0.085,-0.032,-0.07,-0.046,0.005,-0.087
345.3,-0.125,-0.098,-0.006,-0.085,-0.046,-0.024,-0.076
345.35,-0.133,-0.085,-0.037,-0.104,-0.021,-0.024,-0.066
345.4,-0.117,-0.114,-0.038,-0.107,-0.02,0.009,-0.101
345.45,-0.108,-0.116,-0.061,-0.11,-0.024,-0.003,-0.095
345.5,-0.092,-0.093,-0.082,-0.099,-0.047,-0.034,-0.114
345.55,-0.066,-0.093,-0.073,-0.11,-0.052,-0.044,-0.076
345.6,-0.064,-0.076,-0.047,-0.092,-0.026,-0.085,-0.073
345.65,-0.072,-0.087,-0.031,-0.082,-0.035,-0.078,-0.09
345.7,-0.049,-0.098,-0.046,-0.072,-0.034,-0.055,-0.101
345.75,-0.034,-0.081,-0.037,-0.081,-0.101,-0.063,-0.102
345.8,-0.031,-0.043,0.008,-0.053,-0.085,-0.101,-0.078
345.85,-0.049,-0.049,0.017,-0.014,-0.085,-0.079,-0.055
345.9,-0.075,-0.058,0.006,-0.024,-0.113,-0.087,-0.034
345.95,-0.075,-0.038,0.008,-0.02,-0.121,-0.073,-0.035
346,-0.061,-0.052,-0.015,0.005,-0.127,-0.046,-0.053
346.05,-0.056,-0.024,-0.04,0.009,-0.104,-0.053,-0.044
346.1,-0.05,0.006,-0.047,0.02,-0.089,-0.055,-0.043
346.15,-0.049,-0.008,-0.041,0.017,-0.058,-0.009,-0.047
346.2,-0.055,-0.052,-0.093,0.002,-0.075,0.023,-0.055
346.25,-0.049,-0.043,-0.082,-0.027,-0.082,0.021,-0.076
346.3,-0.024,-0.066,-0.069,-0.034,-0.081,0.031,-0.066
346.35,-0.031,-0.107,-0.067,-0.035,-0.058,0.035,-0.069
346.4,-0.052,-0.113,-0.081,-0.038,-0.053,0.031,-0.052
346.45,-0.067,-0.114,-0.078,-0.015,-0.046,0.032,-0.058
346.5,-0.082,-0.104,-0.061,-0.015,-0.082,0.034,-0.075
346.55,-0.095,-0.101,-0.064,0.002,-0.092,0.011,-0.081
346.6,-0.072,-0.066,-0.049,0.029,-0.089,-0.009,-0.078
346.65,-0.052,-0.041,-0.058,0.063,-0.075,0.011,-0.082
346.7,-0.073,-0.038,-0.081,0.081,-0.052,0.017,-0.092
346.75,-0.099,-0.017,-0.082,0.082,-0.066,0.005,-0.095
346.8,-0.104,-0.002,-0.072,0.079,-0.072,-0.002,-0.101
346.85,-0.101,-0.014,-0.055,0.058,-0.131,0.002,-0.084
346.9,-0.089,-0.017,-0.069,0.056,-0.098,0.018,-0.064
346.95,-0.064,-0.021,-0.067,0.061,-0.067,0.034,-0.053
347,-0.072,-0.043,-0.063,0.038,-0.07,0.023,-0.049
347.05,-0.113,-0.07,-0.049,0.015,-0.082,0.003,-0.035
347.1,-0.087,-0.082,-0.041,-0.002,-0.104,-0.014,-0.056
347.15,-0.067,-0.084,-0.072,0.008,-0.089,-0.015,-0.075
347.2,-0.058,-0.095,-0.078,0.021,-0.107,-0.021,-0.043
347.25,-0.043,-0.095,-0.085,0.006,-0.072,-0.024,-0.047
347.3,-0.067,-0.116,-0.064,-0.002,-0.085,-0.049,-0.069
347.35,-0.069,-0.104,-0.084,-0.038,-0.105,-0.092,-0.073
347.4,-0.075,-0.075,-0.104,-0.04,-0.084,-0.087,-0.079
347.45,-0.058,-0.055,-0.13,-0.052,-0.084,-0.089,-0.089
347.5,-0.055,-0.031,-0.124,-0.037,-0.052,-0.089,-0.073
347.55,-0.058,-0.018,-0.102,-0.052,-0.082,-0.082,-0.023
347.6,-0.06,-0.032,-0.087,-0.061,-0.07,-0.093,-0.06
347.65,-0.055,-0.034,-0.09,-0.056,-0.082,-0.114,-0.038
347.7,-0.044,-0.023,-0.108,-0.055,-0.081,-0.111,-0.029
347.75,-0.064,-0.002,-0.079,-0.046,-0.076,-0.095,-0.032
347.8,-0.07,0.014,-0.063,-0.023,-0.085,-0.085,-0.031
347.85,-0.073,0.018,-0.035,-0.026,-0.076,-0.087,-0.023
347.9,-0.07,0.017,-0.035,-0.04,-0.095,-0.089,-0.011
347.95,-0.052,0.011,-0.044,-0.04,-0.082,-0.087,-0.047
348,-0.055,0.047,-0.064,-0.049,-0.085,-0.067,-0.037
348.05,-0.058,0.044,-0.07,-0.024,-0.069,-0.037,-0.044
348.1,-0.041,0.041,-0.064,-0.017,-0.081,-0.017,-0.044
348.15,-0.037,0.037,-0.093,-0.014,-0.073,-0.027,-0.038
348.2,-0.029,-0.014,-0.11,-0.038,-0.075,-0.04,-0.031
348.25,-0.032,-0.032,-0.127,-0.014,-0.067,-0.031,-0.031
348.3,-0.044,-0.018,-0.108,-0.02,-0.041,-0.018,-0.066
348.35,-0.073,-0.017,-0.082,-0.02,-0.043,-0.023,-0.056
348.4,-0.075,-0.027,-0.092,0.011,-0.047,-0.02,-0.058
348.45,-0.066,-0.011,-0.072,-0.043,-0.041,-0.024,-0.075
348.5,-0.087,-0.024,-0.076,-0.041,-0.04,-0.044,-0.07
348.55,-0.076,-0.052,-0.067,-0.041,-0.047,-0.038,-0.082
348.6,-0.066,-0.014,-0.067,-0.029,-0.043,-0.021,-0.098
348.65,-0.079,0.003,-0.053,-0.032,-0.055,-0.063,-0.082
348.7,-0.079,-0.014,-0.041,-0.029,-0.098,-0.063,-0.052
348.75,-0.069,-0.027,-0.044,-0.05,-0.073,-0.067,-0.072
348.8,-0.064,-0.011,-0.017,-0.085,-0.061,-0.055,-0.07
348.85,-0.066,-0.009,-0.023,-0.069,-0.055,-0.067,-0.081
348.9,-0.047,0.008,-0.023,-0.07,-0.044,-0.081,-0.066
348.95,-0.056,0.014,-0.055,-0.061,-0.053,-0.079,-0.063
349,-0.055,-0.012,-0.052,-0.073,-0.038,-0.102,-0.038
349.05,-0.038,-0.034,-0.041,-0.082,-0.008,-0.081,-0.055
349.1,-0.021,-0.037,-0.07,-0.096,0,-0.11,-0.067
349.15,-0.024,-0.021,-0.089,-0.078,-0.011,-0.104,-0.044
349.2,-0.034,-0.063,-0.092,-0.079,-0.008,-0.133,-0.038
349.25,-0.038,-0.075,-0.098,-0.084,-0.02,-0.124,0.003
349.3,-0.052,-0.072,-0.098,-0.101,0,-0.105,-0.003
349.35,-0.063,-0.058,-0.058,-0.099,0.011,-0.114,0.005
349.4,-0.06,-0.063,-0.035,-0.081,-0.011,-0.072,-0.009
349.45,-0.056,-0.038,-0.061,-0.079,-0.034,-0.075,0.012
349.5,-0.076,-0.032,-0.041,-0.049,-0.023,-0.038,0.043
349.55,-0.052,-0.043,-0.023,-0.043,-0.006,-0.052,0.006
349.6,-0.064,-0.043,-0.02,-0.017,-0.027,-0.044,0.002
349.65,-0.073,-0.056,-0.021,-0.009,-0.031,-0.044,-0.017
349.7,-0.072,-0.055,-0.011,-0.014,-0.044,-0.061,-0.015
349.75,-0.066,-0.078,-0.034,-0.02,-0.058,-0.072,-0.012
349.8,-0.081,-0.076,-0.037,-0.04,-0.035,-0.082,-0.032
349.85,-0.069,-0.095,-0.027,-0.06,-0.035,-0.072,-0.049
349.9,-0.053,-0.082,-0.029,-0.092,-0.037,-0.087,-0.081
349.95,-0.07,-0.084,-0.006,-0.09,-0.049,-0.075,-0.05
350,-0.06,-0.061,-0.009,-0.084,-0.043,-0.069,-0.061
350.05,-0.058,-0.035,0.009,-0.078,-0.017,-0.072,-0.064
350.1,-0.069,-0.055,-0.008,-0.07,-0.034,-0.056,-0.096
350.15,-0.063,-0.041,0.003,-0.064,-0.02,-0.009,-0.082
350.2,-0.064,-0.032,-0.002,-0.056,-0.044,-0.008,-0.087
350.25,-0.073,-0.023,-0.015,-0.029,-0.04,0.002,-0.082
350.3,-0.09,-0.038,-0.034,-0.014,-0.043,-0.009,-0.067
350.35,-0.093,-0.035,-0.069,0.011,-0.037,0.008,-0.075
350.4,-0.064,-0.058,-0.078,0.011,-0.015,0.026,-0.047
350.45,-0.058,-0.081,-0.096,0.014,-0.044,0.04,-0.06
350.5,-0.063,-0.044,-0.085,0.024,-0.032,0.041,-0.044
350.55,-0.044,-0.056,-0.085,0.02,-0.041,-0.002,-0.055
350.6,-0.041,-0.056,-0.099,0.027,-0.031,-0.027,-0.029
350.65,-0.031,-0.073,-0.063,0.026,-0.044,0.002,-0.031
350.7,-0.029,-0.056,-0.067,0.018,-0.031,0.006,-0.05
350.75,-0.02,-0.063,-0.049,-0.011,-0.058,0.011,-0.063
350.8,-0.017,-0.034,-0.061,-0.011,-0.067,-0.02,-0.09
350.85,0.002,-0.027,-0.052,-0.031,-0.046,-0.017,-0.104
350.9,0.014,-0.05,-0.06,-0.034,-0.064,-0.008,-0.122
350.95,0.009,-0.035,-0.066,-0.043,-0.049,0.005,-0.15
351,0.005,-0.037,-0.052,-0.041,-0.053,0.005,-0.169
351.05,-0.018,-0.029,-0.084,-0.038,-0.037,-0.04,-0.171
351.1,-0.009,-0.055,-0.061,-0.037,-0.073,-0.023,-0.151
351.15,0.006,-0.031,-0.092,-0.015,-0.069,-0.034,-0.145
351.2,0.008,-0.052,-0.079,-0.032,-0.078,-0.052,-0.15
351.25,0.003,-0.049,-0.099,-0.032,-0.081,-0.06,-0.137
351.3,0.014,-0.04,-0.096,-0.031,-0.063,-0.081,-0.099
351.35,0.018,-0.047,-0.093,-0.012,-0.064,-0.053,-0.076
351.4,0.035,-0.05,-0.082,-0.018,-0.066,-0.023,-0.043
351.45,0.056,-0.035,-0.101,-0.04,-0.075,-0.005,-0.037
351.5,0.043,-0.005,-0.125,-0.034,-0.078,-0.021,-0.031
351.55,0.018,-0.018,-0.111,-0.058,-0.049,-0.038,-0.011
351.6,-0.012,-0.014,-0.099,-0.073,-0.038,-0.031,0.014
351.65,-0.053,0.002,-0.087,-0.067,-0.076,-0.044,0.009
351.7,-0.06,-0.029,-0.081,-0.085,-0.073,-0.038,0.006
351.75,-0.079,-0.027,-0.085,-0.114,-0.085,-0.043,0.003
351.8,-0.096,-0.034,-0.107,-0.14,-0.092,-0.067,-0.02
351.85,-0.114,-0.038,-0.095,-0.114,-0.119,-0.085,-0.026
351.9,-0.107,-0.066,-0.069,-0.114,-0.09,-0.09,-0.029
351.95,-0.099,-0.05,-0.067,-0.113,-0.107,-0.072,-0.035
352,-0.087,-0.06,-0.075,-0.102,-0.11,-0.056,-0.038
352.05,-0.06,-0.092,-0.043,-0.092,-0.078,-0.04,-0.031
352.1,-0.052,-0.076,-0.027,-0.058,-0.093,-0.032,-0.032
352.15,-0.04,-0.087,0,-0.026,-0.099,-0.058,-0.021
352.2,-0.018,-0.075,0.02,0,-0.085,-0.046,-0.035
352.25,0.006,-0.098,0.052,-0.02,-0.066,-0.046,-0.041
352.3,0.002,-0.078,0.055,-0.006,-0.063,-0.041,-0.066
352.35,0.009,-0.079,0.041,0,-0.082,-0.058,-0.067
352.4,0.014,-0.081,0.027,0.006,-0.084,-0.044,-0.082
352.45,0.005,-0.076,0.012,0.021,-0.079,-0.053,-0.09
352.5,-0.026,-0.05,0.006,-0.015,-0.073,-0.064,-0.076
352.55,-0.047,-0.035,-0.029,-0.023,-0.066,-0.037,-0.095
352.6,-0.052,-0.034,-0.027,-0.02,-0.05,-0.04,-0.081
352.65,-0.058,-0.032,-0.038,0.027,-0.043,-0.029,-0.069
352.7,-0.031,-0.044,-0.076,0.027,-0.027,-0.021,-0.053
352.75,-0.029,-0.058,-0.07,0.029,-0.006,-0.011,-0.055
352.8,-0.047,-0.061,-0.035,0.035,0.015,-0.035,-0.023
352.85,-0.034,-0.044,-0.047,0.026,0,-0.044,-0.008
352.9,0.006,-0.052,-0.046,0.069,0.027,-0.037,-0.002
352.95,0.012,-0.049,-0.032,0.07,0.031,-0.041,-0.011
353,-0.006,-0.064,-0.023,0.079,0.018,-0.056,0.006
353.05,-0.018,-0.041,-0.038,0.027,0.018,-0.049,-0.008
353.1,-0.027,-0.026,-0.031,0.024,-0.021,-0.031,-0.006
353.15,-0.043,-0.031,-0.034,0.018,-0.012,-0.026,-0.005
353.2,-0.026,-0.006,-0.04,0.017,-0.034,-0.024,-0.044
353.25,-0.035,-0.014,-0.012,0.017,-0.011,-0.015,-0.024
353.3,-0.061,-0.014,-0.023,-0.003,-0.026,-0.002,-0.017
353.35,-0.064,-0.02,-0.023,0.003,-0.009,-0.015,0.003
353.4,-0.035,-0.009,-0.037,-0.015,0.002,-0.003,-0.008
353.45,-0.032,0,-0.023,0.018,0.026,-0.015,0.034
353.5,-0.027,0.003,0.005,0.003,0.067,-0.012,0.046
353.55,-0.031,0.026,0.027,0.009,0.058,-0.02,0.064
353.6,-0.038,0.008,0.034,0.014,0.06,-0.005,0.089
353.65,-0.047,0.006,0.017,0.005,0.058,0.009,0.095
353.7,-0.038,0.012,0.02,0.023,0.067,0.003,0.082
353.75,-0.031,0.02,0.064,0.034,0.041,0.011,0.096
353.8,-0.041,0.006,0.053,0.015,0.032,0.017,0.092
353.85,-0.024,-0.003,0.047,-0.018,0.017,0.023,0.056
353.9,-0.029,-0.003,0.031,-0.02,0.034,0.021,0.04
353.95,-0.005,-0.024,0.04,-0.027,0.037,0.029,0.031
354,0.018,-0.017,0.021,-0.023,0.012,0.046,0.043
354.05,0.044,-0.027,0.027,-0.017,0.008,0.04,0.023
354.1,0.052,-0.021,0.035,-0.037,0.002,0.032,0.012
354.15,0.078,-0.027,0.003,-0.058,0.023,0.052,0.018
354.2,0.107,-0.023,0.002,-0.029,0.037,0.056,0.021
354.25,0.092,-0.018,0.008,-0.04,0.031,0.049,0.035
354.3,0.105,-0.02,0.018,-0.04,0.015,0.032,0.047
354.35,0.105,-0.026,0.006,-0.047,0.009,0.015,0.058
354.4,0.082,0,0.029,-0.052,0.018,-0.002,0.052
354.45,0.078,0.031,0.018,-0.038,0.011,0.003,0.058
354.5,0.081,0.067,0.018,-0.014,0.006,0.009,0.07
354.55,0.064,0.078,0.015,0.026,-0.018,-0.014,0.055
354.6,0.044,0.119,0.041,0.038,-0.012,0.012,0.076
354.65,0.087,0.101,0.027,0.079,0.011,0.029,0.098
354.7,0.063,0.092,0.018,0.079,-0.003,0.041,0.078
354.75,0.04,0.09,0.049,0.122,0.023,0.064,0.067
354.8,0.061,0.076,0.014,0.137,0.046,0.07,0.087
354.85,0.064,0.061,0.014,0.153,0.061,0.058,0.069
354.9,0.073,0.018,0.023,0.131,0.085,0.056,0.082
354.95,0.079,0.024,0.037,0.111,0.111,0.076,0.096
355,0.06,0.017,0.034,0.098,0.117,0.079,0.093
355.05,0.024,0.058,0.073,0.099,0.111,0.07,0.079
355.1,0.06,0.089,0.089,0.111,0.116,0.07,0.093
355.15,0.081,0.131,0.041,0.085,0.099,0.07,0.087
355.2,0.111,0.139,0.084,0.078,0.085,0.081,0.078
355.25,0.134,0.148,0.11,0.052,0.087,0.093,0.084
355.3,0.117,0.171,0.098,0.067,0.07,0.104,0.07
355.35,0.119,0.18,0.107,0.09,0.073,0.099,0.087
355.4,0.146,0.177,0.128,0.105,0.063,0.081,0.095
355.45,0.156,0.168,0.122,0.079,0.058,0.127,0.098
355.5,0.143,0.157,0.136,0.101,0.104,0.119,0.085
355.55,0.134,0.166,0.169,0.13,0.121,0.145,0.079
355.6,0.117,0.183,0.151,0.117,0.165,0.16,0.07
355.65,0.102,0.204,0.124,0.111,0.198,0.165,0.081
355.7,0.121,0.206,0.134,0.105,0.218,0.168,0.082
355.75,0.125,0.2,0.143,0.082,0.221,0.189,0.072
355.8,0.134,0.215,0.116,0.087,0.221,0.188,0.06
355.85,0.14,0.206,0.114,0.11,0.256,0.162,0.079
355.9,0.121,0.229,0.114,0.102,0.215,0.174,0.108
355.95,0.146,0.217,0.117,0.092,0.223,0.177,0.137
356,0.125,0.214,0.111,0.119,0.208,0.183,0.143
356.05,0.13,0.221,0.13,0.156,0.195,0.191,0.146
356.1,0.113,0.208,0.146,0.159,0.175,0.201,0.166
356.15,0.134,0.25,0.119,0.169,0.165,0.209,0.171
356.2,0.121,0.24,0.14,0.16,0.171,0.218,0.195
356.25,0.139,0.25,0.151,0.166,0.137,0.247,0.206
356.3,0.175,0.226,0.146,0.195,0.166,0.253,0.217
356.35,0.171,0.229,0.168,0.192,0.191,0.269,0.232
356.4,0.186,0.244,0.218,0.201,0.223,0.253,0.253
356.45,0.182,0.249,0.25,0.172,0.214,0.252,0.276
356.5,0.203,0.287,0.273,0.18,0.244,0.238,0.282
356.55,0.2,0.261,0.301,0.182,0.275,0.223,0.325
356.6,0.22,0.282,0.313,0.203,0.301,0.226,0.333
356.65,0.211,0.317,0.316,0.229,0.333,0.203,0.328
356.7,0.224,0.366,0.36,0.232,0.348,0.212,0.33
356.75,0.24,0.386,0.333,0.262,0.348,0.188,0.339
356.8,0.253,0.397,0.331,0.261,0.323,0.227,0.336
356.85,0.278,0.429,0.343,0.307,0.352,0.25,0.328
356.9,0.287,0.418,0.342,0.313,0.365,0.258,0.32
356.95,0.284,0.467,0.368,0.311,0.36,0.302,0.325
357,0.302,0.475,0.371,0.319,0.348,0.322,0.333
357.05,0.31,0.461,0.394,0.311,0.392,0.346,0.351
357.1,0.291,0.461,0.418,0.29,0.372,0.378,0.337
357.15,0.291,0.482,0.447,0.296,0.365,0.385,0.343
357.2,0.296,0.499,0.429,0.327,0.391,0.381,0.356
357.25,0.29,0.5,0.421,0.348,0.404,0.383,0.339
357.3,0.298,0.569,0.449,0.368,0.415,0.436,0.348
357.35,0.339,0.555,0.481,0.401,0.45,0.409,0.331
357.4,0.34,0.571,0.488,0.439,0.49,0.427,0.311
357.45,0.349,0.595,0.508,0.468,0.464,0.432,0.313
357.5,0.394,0.591,0.505,0.51,0.511,0.427,0.359
357.55,0.407,0.638,0.528,0.504,0.525,0.488,0.369
357.6,0.436,0.677,0.578,0.516,0.523,0.507,0.388
357.65,0.438,0.688,0.61,0.52,0.562,0.536,0.441
357.7,0.455,0.662,0.62,0.526,0.584,0.568,0.456
357.75,0.421,0.708,0.623,0.552,0.589,0.597,0.504
357.8,0.456,0.79,0.645,0.595,0.648,0.632,0.562
357.85,0.491,0.853,0.658,0.629,0.682,0.665,0.644
357.9,0.54,0.963,0.723,0.729,0.726,0.684,0.673
357.95,0.61,1.073,0.751,0.815,0.81,0.697,0.722
358,0.685,1.175,0.819,0.865,0.932,0.757,0.798
358.05,0.769,1.295,0.865,0.928,0.967,0.819,0.864
358.1,0.81,1.355,0.925,1.018,1.013,0.848,0.94
358.15,0.914,1.398,1.006,1.074,1.079,0.9,0.922
358.2,0.919,1.45,1.1,1.07,1.047,0.993,0.948
358.25,0.96,1.526,1.198,1.088,1.053,1.048,0.911
358.3,0.96,1.601,1.23,1.05,1.082,1.154,0.96
358.35,0.952,1.624,1.32,1.044,1.064,1.192,1.03
358.4,0.899,1.64,1.355,1.05,1.053,1.169,1.036
358.45,0.897,1.645,1.457,1.115,1.07,1.173,1.047
358.5,0.925,1.755,1.52,1.143,1.14,1.215,1.077
358.55,0.906,1.852,1.547,1.167,1.192,1.259,1.147
358.6,0.928,1.9,1.588,1.234,1.317,1.25,1.256
358.65,0.938,1.913,1.624,1.302,1.442,1.341,1.315
358.7,1.001,1.979,1.648,1.363,1.514,1.39,1.306
358.75,1.028,2.036,1.704,1.476,1.628,1.442,1.291
358.8,1.08,2.107,1.796,1.511,1.689,1.53,1.32
358.85,1.103,2.219,1.813,1.518,1.721,1.639,1.321
358.9,1.16,2.321,1.831,1.53,1.753,1.682,1.352
358.95,1.164,2.46,1.884,1.581,1.828,1.736,1.398
359,1.231,2.576,1.952,1.636,1.886,1.759,1.434
359.05,1.28,2.74,2.002,1.686,1.917,1.758,1.437
359.1,1.257,2.827,2.133,1.714,1.967,1.759,1.514
359.15,1.338,2.919,2.19,1.689,1.964,1.814,1.575
359.2,1.39,3.075,2.264,1.793,2.081,1.9,1.634
359.25,1.443,3.14,2.322,1.889,2.2,1.947,1.752
359.3,1.515,3.195,2.415,2.023,2.292,1.987,1.797
359.35,1.654,3.252,2.486,2.141,2.354,2.086,1.843
359.4,1.7,3.346,2.539,2.214,2.412,2.162,1.819
359.45,1.74,3.444,2.623,2.299,2.47,2.249,1.935
359.5,1.819,3.535,2.71,2.428,2.596,2.338,2.011
359.55,1.826,3.671,2.798,2.533,2.713,2.42,2.097
359.6,1.894,3.716,2.823,2.611,2.768,2.499,2.197
359.65,1.929,3.847,2.948,2.698,2.875,2.609,2.287
359.7,1.985,4.008,3.062,2.783,2.982,2.708,2.367
359.75,2.002,4.158,3.192,2.858,3.087,2.785,2.46
359.8,2.18,4.514,3.476,3.059,3.246,3,2.67
359.85,2.351,4.829,3.758,3.256,3.51,3.226,2.814
359.9,2.486,5.173,3.995,3.465,3.682,3.461,3.006
359.95,2.663,5.424,4.247,3.705,3.922,3.645,3.163
360,2.827,5.795,4.556,3.951,4.161,3.824,3.355
360.05,3.029,6.236,4.8,4.123,4.448,4.012,3.545
360.1,3.186,6.584,5.057,4.3,4.62,4.256,3.763
360.15,3.4,6.979,5.379,4.509,4.854,4.504,3.925
360.2,3.487,7.156,5.556,4.651,5.037,4.616,4.007
360.25,3.564,7.364,5.721,4.793,5.176,4.733,4.135
360.3,3.665,7.559,5.862,4.939,5.295,4.898,4.25
360.35,3.764,7.803,6.009,5.061,5.457,5.035,4.372
360.4,3.859,8.006,6.238,5.203,5.62,5.202,4.48
360.45,4.004,8.136,6.444,5.367,5.728,5.373,4.602
360.5,4.132,8.345,6.683,5.566,5.951,5.498,4.77
360.55,4.237,8.556,6.795,5.753,6.119,5.617,4.947
360.6,4.294,8.827,6.929,5.914,6.274,5.8,5.118
360.65,4.404,9.071,7.104,6.111,6.412,5.977,5.298
360.7,4.55,9.317,7.329,6.279,6.587,6.078,5.455
360.75,4.674,9.628,7.594,6.429,6.808,6.323,5.635
360.8,4.837,9.846,7.739,6.586,6.969,6.494,5.76
360.85,4.916,10.196,7.974,6.801,7.178,6.693,5.919
360.9,5,10.527,8.22,7.022,7.428,6.985,6.104
360.95,5.115,10.855,8.524,7.207,7.713,7.278,6.29
361,5.321,11.226,8.836,7.433,8.105,7.558,6.543
361.05,5.479,11.734,9.169,7.635,8.566,7.878,6.825
361.1,5.666,12.334,9.514,7.901,9.132,8.353,7.111
361.15,5.838,12.993,9.923,8.253,9.674,8.852,7.448
361.2,6.027,13.857,10.385,8.632,10.402,9.514,7.916
361.25,6.316,14.786,10.887,9.01,11.218,10.22,8.456
361.3,6.66,15.872,11.52,9.393,12.19,11.093,9.061
361.35,7.05,17.117,12.27,9.961,13.387,12.086,9.836
361.4,7.451,18.494,13.148,10.576,14.661,13.235,10.744
361.45,8.006,20.02,14.163,11.284,16.122,14.59,11.743
361.5,8.64,21.68,15.366,12.137,17.722,16.071,12.95
361.55,9.483,23.549,16.66,13.097,19.609,17.763,14.42
361.6,10.457,25.549,18.208,14.125,21.613,19.585,15.994
361.65,11.589,27.603,19.931,15.369,23.792,21.661,17.712
361.7,12.828,29.889,21.753,16.817,26.097,23.793,19.592
361.75,14.334,32.332,23.698,18.396,28.51,26.144,21.684
361.8,15.994,34.837,25.838,20.143,31.105,28.697,23.885
361.85,17.819,37.401,28.101,22.142,33.882,31.326,26.297
361.9,19.823,40.1,30.482,24.184,36.745,34.129,28.902
361.95,21.979,42.886,33.002,26.382,39.6,37.054,31.551
362,24.274,45.72,35.664,28.896,42.648,40.05,34.367
362.05,26.685,48.705,38.336,31.517,45.88,43.117,37.349
362.1,29.399,51.634,41.164,34.196,49.126,46.191,40.388
362.15,32.147,54.552,44.185,37.07,52.159,49.329,43.642
362.2,35.139,57.225,47.115,39.937,55.215,52.4,46.779
362.25,38.182,60.045,50.105,42.896,58.255,55.54,49.983
362.3,41.257,62.697,53.036,45.956,61.241,58.507,53.075
362.35,44.475,65.234,56.12,49.049,64.217,61.32,56.187
362.4,47.717,67.671,58.934,52.043,66.849,64.146,59.271
362.45,50.952,69.835,61.743,55.09,69.171,66.704,62.263
362.5,54.178,71.954,64.426,58.032,71.448,69.27,65.057
362.55,57.233,73.752,66.91,60.854,73.64,71.677,67.703
362.6,60.269,75.612,69.266,63.521,75.662,74.036,70.207
362.65,63.043,77.254,71.507,65.988,77.625,75.941,72.527
362.7,65.871,78.806,73.608,68.265,79.251,77.702,74.838
362.75,68.478,80.048,75.337,70.518,80.528,79.419,76.999
362.8,70.987,81.137,77.065,72.652,81.999,80.768,78.757
362.85,73.323,82.132,78.706,74.583,83.192,82.011,80.215
362.9,75.208,83.032,80.241,76.328,84.093,83.162,81.885
362.95,77.173,83.864,81.45,77.863,85.098,84.085,83.026
363,78.787,84.627,82.52,79.399,85.858,84.943,84.181
363.05,80.496,85.144,83.475,80.894,86.287,85.88,85.31
363.1,81.844,85.481,84.354,82.256,86.798,86.705,86.09
363.15,82.976,85.793,85.205,83.293,87.312,87.245,86.607
363.2,83.981,86.253,85.759,84.091,87.491,87.729,87.231
363.25,84.979,86.65,86.191,84.857,87.82,88.184,87.726
363.3,85.918,86.887,86.432,85.617,88.193,88.487,87.932
363.35,86.58,87.07,86.748,86.259,88.403,88.722,88.222
363.4,87.276,87.398,87.05,86.876,88.757,88.885,88.49
363.45,87.686,87.627,87.242,87.167,88.882,88.977,88.634
363.5,88.071,87.837,87.315,87.617,89.07,89.122,88.896
363.55,88.538,88.248,87.428,88.017,89.214,89.345,89.212
363.6,88.921,88.432,87.761,88.281,89.542,89.609,89.377
363.65,89.133,88.503,87.968,88.425,89.833,89.897,89.682
363.7,89.333,88.705,88.316,88.727,89.954,90.175,89.584
363.75,89.56,89.001,88.533,88.927,90.08,90.436,89.789
363.8,89.539,89.105,88.817,89.149,90.157,90.573,89.854
363.85,89.825,89.186,89.063,89.4,90.446,90.7,89.961
363.9,90.086,89.299,89.281,89.359,90.508,90.778,90.031
363.95,90.169,89.49,89.407,89.482,90.852,90.926,90.07
364,90.295,89.676,89.49,89.78,90.948,90.907,90.286
364.05,90.376,89.946,89.69,90.045,90.948,90.88,90.303
364.1,90.642,90.115,89.671,90.08,90.952,90.706,90.727
364.15,90.761,90.143,89.903,90.192,90.965,90.779,90.762
364.2,90.997,90.201,90.06,90.305,91.115,90.755,91.014
364.25,91.122,90.372,90.263,90.471,91.164,90.889,91.098
364.3,91.173,90.665,90.419,90.787,91.322,91.045,91.238
364.35,91.238,90.616,90.639,90.945,91.365,91.01,91.245
364.4,91.454,90.715,90.758,91.162,91.336,91.121,91.139
364.45,91.653,90.753,90.948,91.196,91.318,91.347,91.295
364.5,91.58,90.788,91.063,91.393,91.444,91.469,91.316
364.55,91.867,90.987,91.098,91.49,91.576,91.484,91.412
364.6,92.081,91.095,91.174,91.568,91.446,91.521,91.454
364.65,92.078,91.176,91.179,91.615,91.501,91.595,91.557
364.7,92.311,91.125,91.331,91.768,91.685,91.653,91.573
364.75,92.393,91.263,91.432,91.934,91.55,91.696,91.727
364.8,92.412,91.362,91.414,91.803,91.576,91.919,91.927
364.85,92.514,91.728,91.451,92.081,91.637,91.968,91.913
364.9,92.628,91.815,91.585,92.285,91.811,92.2,92.049
364.95,92.612,91.826,91.748,92.458,91.855,92.343,92.296
365,92.67,91.866,91.869,92.462,91.978,92.664,92.352
365.05,92.752,92.017,91.982,92.69,92.07,92.818,92.381
365.1,92.807,92.157,91.956,92.714,92.085,92.94,92.366
365.15,92.903,92.244,92.017,92.717,92.181,93.144,92.5
365.2,92.821,92.197,92.288,93.037,92.354,93.115,92.638
365.25,92.822,92.014,92.317,93.03,92.464,93.181,92.813
365.3,92.873,92.145,92.511,93.011,92.505,93.326,92.78
365.35,92.915,92.175,92.693,92.952,92.744,93.382,92.717
365.4,92.9,92.253,92.807,92.912,93.008,93.312,92.825
365.45,93.053,92.355,92.911,92.937,93.002,93.187,92.973
365.5,93.063,92.558,92.976,92.972,93.098,93.127,93.127
365.55,93.097,92.635,93.08,92.889,93.231,93.05,93.251
365.6,93.19,92.714,93.037,92.68,93.155,93.147,93.259
365.65,93.147,92.912,93.1,92.636,93.352,93.213,93.254
365.7,93.243,93.01,92.897,92.737,93.451,93.045,93.335
365.75,93.163,93.039,92.752,92.863,93.417,93.057,93.423
365.8,93.164,93.086,92.758,93.082,93.248,93.149,93.501
365.85,93.231,93.051,92.693,93.05,93.228,93.275,93.523
365.9,93.193,93.028,92.746,93.077,93.115,93.295,93.625
365.95,93.216,93.227,92.671,93.242,93.221,93.401,93.549
366,93.268,93.192,92.706,93.306,93.436,93.565,93.523
366.05,93.391,93.037,92.712,93.355,93.372,93.562,93.614
366.1,93.385,93.022,92.854,93.225,93.384,93.626,93.571
366.15,93.486,93.17,93.037,93.349,93.272,93.729,93.747
366.2,93.512,93.149,93.008,93.295,93.407,93.745,93.82
366.25,93.465,93.225,93.124,93.259,93.575,93.724,93.912
366.3,93.625,93.28,93.266,93.21,93.68,93.752,93.776
366.35,93.767,93.225,93.414,93.19,93.607,93.736,93.797
366.4,93.881,93.419,93.503,93.39,93.532,93.631,93.953
366.45,93.99,93.48,93.59,93.428,93.542,93.683,93.974
366.5,94.138,93.423,93.698,93.582,93.376,93.831,94.221
366.55,94.11,93.349,93.633,93.614,93.576,93.784,94.073
366.6,94.084,93.526,93.759,93.816,93.518,93.713,94.037
366.65,94.098,93.507,93.803,93.863,93.62,93.652,94.06
366.7,94.104,93.672,93.832,94.019,93.6,93.719,94.167
366.75,94.08,93.692,93.806,94.11,93.628,93.817,94.289
366.8,94.048,93.732,93.951,94.089,93.796,93.915,94.313
366.85,93.961,93.839,94.003,94.032,93.837,93.823,94.278
366.9,93.906,94.012,93.974,93.875,94.095,93.761,94.247
366.95,94.019,94.167,94.035,93.886,93.941,93.806,94.244
367,94.159,94.197,94.078,93.785,94.044,93.982,94.188
367.05,94.211,94.345,94.241,93.878,94,94.106,94.055
367.1,94.173,94.359,94.206,93.858,94.086,94.073,93.98
367.15,94.196,94.339,94.186,93.823,94.099,94.016,93.839
367.2,94.283,94.403,94.115,93.713,94.016,93.91,93.852
367.25,94.398,94.402,94.159,93.874,94.011,93.932,93.901
367.3,94.476,94.426,94.218,94.078,93.971,94.055,93.967
367.35,94.467,94.298,94.211,94.063,94.276,94.214,93.974
367.4,94.537,94.337,94.206,94.247,94.298,94.133,94.083
367.45,94.528,94.26,94.177,94.325,94.344,94.147,94.177
367.5,94.568,94.193,94.304,94.336,94.31,94.212,94.257
367.55,94.675,94.174,94.356,94.424,94.35,94.246,94.327
367.6,94.681,94.031,94.392,94.592,94.325,94.434,94.254
367.65,94.614,94.087,94.231,94.514,94.47,94.499,94.221
367.7,94.559,94.078,94.322,94.498,94.495,94.456,94.199
367.75,94.469,94.08,94.312,94.609,94.359,94.247,94.182
367.8,94.484,94.037,94.379,94.406,94.351,94.261,94.186
367.85,94.612,94.002,94.362,94.421,94.373,94.229,94.252
367.9,94.653,93.889,94.292,94.492,94.412,94.202,94.272
367.95,94.675,94.048,94.342,94.438,94.447,94.176,94.307
368,94.649,94.067,94.356,94.395,94.444,94.072,94.264
368.05,94.739,94.095,94.479,94.557,94.485,93.953,94.354
368.1,94.771,94.037,94.4,94.443,94.368,93.924,94.308
368.15,94.789,94.215,94.414,94.232,94.415,93.916,94.435
368.2,94.676,94.26,94.447,94.293,94.37,93.904,94.424
368.25,94.545,94.305,94.421,94.252,94.211,93.968,94.455
368.3,94.447,94.513,94.499,94.164,94.221,93.927,94.484
368.35,94.521,94.383,94.534,94.156,94.168,94.014,94.455
368.4,94.453,94.479,94.582,94.331,94.168,94.016,94.542
368.45,94.374,94.359,94.566,94.25,94.041,94.142,94.472
368.5,94.373,94.438,94.551,94.391,94.124,94.188,94.502
368.55,94.496,94.397,94.536,94.45,94.014,94.313,94.478
368.6,94.71,94.382,94.441,94.504,93.994,94.29,94.466
368.65,94.814,94.444,94.443,94.499,94.037,94.237,94.405
368.7,94.759,94.383,94.339,94.557,93.999,94.324,94.418
368.75,94.633,94.513,94.321,94.614,94.107,94.243,94.337
368.8,94.591,94.566,94.226,94.492,94.211,94.302,94.374
368.85,94.56,94.592,94.31,94.495,94.257,94.264,94.395
368.9,94.562,94.482,94.304,94.449,94.342,94.189,94.449
368.95,94.574,94.455,94.464,94.536,94.545,94.156,94.415
369,94.383,94.481,94.475,94.598,94.563,94.218,94.379
369.05,94.312,94.429,94.426,94.585,94.6,94.359,94.525
369.1,94.504,94.325,94.513,94.54,94.655,94.418,94.519
369.15,94.574,94.281,94.508,94.698,94.629,94.502,94.714
369.2,94.717,94.197,94.559,94.774,94.655,94.475,94.658
369.25,94.769,94.298,94.556,94.83,94.699,94.496,94.736
369.3,94.846,94.318,94.685,94.897,94.624,94.621,94.774
369.35,94.891,94.368,94.647,94.954,94.444,94.687,94.864
369.4,94.839,94.412,94.691,94.991,94.576,94.72,94.946
369.45,94.928,94.553,94.798,95.053,94.606,94.693,94.81
369.5,94.817,94.788,94.838,95.091,94.629,94.688,94.756
369.55,94.847,94.733,94.93,94.948,94.617,94.783,94.659
369.6,94.85,94.827,95.038,94.875,94.591,94.766,94.707
369.65,94.978,94.785,95.084,94.827,94.626,94.838,94.769
369.7,94.855,94.873,95.111,94.826,94.606,94.919,94.667
369.75,94.862,94.824,95.142,94.818,94.637,94.899,94.701
369.8,95.02,94.803,95.18,94.795,94.548,94.974,94.804
369.85,94.957,94.749,95.213,94.841,94.673,94.91,94.836
369.9,95.169,94.618,95.184,94.879,94.769,94.894,95.041
369.95,95.19,94.69,95.062,94.934,94.841,94.769,95.198
370,95.169,94.626,94.978,95.084,94.87,94.777,95.091
370.05,95.154,94.8,94.922,95.134,94.823,94.807,95.02
370.1,95.311,94.753,94.81,94.989,94.954,94.815,95.033
370.15,95.27,94.804,94.852,94.997,95.015,94.821,95.024
370.2,95.226,94.867,94.827,95.007,95.096,94.839,94.904
370.25,95.197,94.914,94.778,95.189,94.972,94.933,94.907
370.3,95.062,94.82,94.859,95.183,94.928,94.93,94.765
370.35,95.067,94.846,95.036,95.232,94.965,95.026,94.656
370.4,95.084,94.862,95.006,95.108,94.841,95.078,94.804
370.45,95.087,94.673,94.984,95.206,94.885,95.038,94.742
370.5,95.024,94.669,94.981,95.297,94.693,94.931,94.81
370.55,95.117,94.748,94.795,95.294,94.733,94.955,94.743
370.6,95.203,94.727,94.801,95.229,94.579,94.91,94.827
370.65,95.403,94.684,94.855,95.062,94.576,94.862,94.807
370.7,95.421,94.72,94.817,95.097,94.511,94.936,94.849
370.75,95.343,94.76,94.679,95.12,94.466,94.893,94.821
370.8,95.377,94.904,94.627,95.201,94.556,94.838,94.872
370.85,95.261,94.916,94.64,95.039,94.518,94.737,94.94
370.9,95.218,95.027,94.649,95.035,94.733,94.748,94.946
370.95,95.065,95.036,94.698,94.991,94.731,94.812,95.027
371,95.059,95.02,94.637,94.984,94.801,94.829,95.047
371.05,94.936,95.016,94.577,94.966,94.861,94.913,95.081
371.1,94.972,95.056,94.588,94.958,94.769,94.83,95.152
371.15,94.974,94.98,94.603,94.894,94.759,94.803,95.207
371.2,94.923,94.905,94.754,94.856,94.789,94.913,95.123
371.25,94.96,95.009,94.792,94.971,94.774,95.126,95.203
371.3,95.111,94.965,94.855,95.036,94.679,95.19,95.233
371.35,95.23,95.001,94.888,94.972,94.693,95.186,95.253
371.4,95.253,95.071,94.957,95.102,94.775,95.132,95.206
371.45,95.279,95.157,95.015,95.068,94.884,95.013,95.123
371.5,95.267,95.232,95.049,95.076,95.047,95.023,95.125
371.55,95.241,95.197,95.236,95.103,95.026,95.148,95.073
371.6,95.241,95.236,95.166,95.148,95.001,95.149,95.12
371.65,95.335,95.265,95.238,95.068,95.042,95.027,95.151
371.7,95.296,95.267,95.186,95.045,95.148,94.942,95.097
371.75,95.293,95.215,95.255,95.235,95.213,94.951,95.047
371.8,95.287,95.114,95.271,95.158,95.216,94.96,95.056
371.85,95.23,94.917,95.345,95.203,95.097,95.067,95.215
371.9,95.161,94.858,95.332,95.178,95.07,95.207,95.142
371.95,95.201,94.901,95.204,95.152,95.219,95.177,95.168
372,95.311,94.781,95.364,95.137,95.229,95.195,95.177
372.05,95.213,94.803,95.367,95.197,95.169,95.277,95.206
372.1,95.164,94.856,95.389,95.174,95.131,95.322,95.36
372.15,95.201,94.942,95.387,95.169,95.026,95.351,95.396
372.2,95.291,95.004,95.375,95.227,95.027,95.372,95.421
372.25,95.435,95.142,95.262,95.238,95.007,95.461,95.387
372.3,95.564,95.09,95.331,95.351,95.016,95.387,95.506
372.35,95.552,95.068,95.308,95.485,94.89,95.37,95.668
372.4,95.534,95.1,95.284,95.439,94.974,95.335,95.494
372.45,95.596,95.061,95.181,95.5,94.963,95.287,95.462
372.5,95.564,94.981,95.258,95.581,95.026,95.395,95.32
372.55,95.573,94.868,95.29,95.535,95.096,95.323,95.387
372.6,95.506,94.772,95.253,95.459,95.134,95.43,95.424
372.65,95.523,94.734,95.274,95.476,95.204,95.366,95.413
372.7,95.471,94.844,95.204,95.515,95.248,95.378,95.375
372.75,95.525,94.951,95.204,95.435,95.236,95.505,95.262
372.8,95.537,94.963,95.117,95.467,95.262,95.528,95.38
372.85,95.581,94.955,95.189,95.329,95.348,95.627,95.393
372.9,95.598,95.045,95.193,95.345,95.351,95.589,95.338
372.95,95.619,95.015,95.103,95.363,95.369,95.659,95.265
373,95.583,95.079,95.116,95.425,95.338,95.56,95.201
373.05,95.436,95.154,95.091,95.407,95.328,95.581,95.227
373.1,95.493,94.997,95.03,95.354,95.328,95.63,95.247
373.15,95.438,94.991,95.038,95.369,95.351,95.563,95.238
373.2,95.293,94.983,95.01,95.41,95.317,95.435,95.268
373.25,95.189,94.888,95.001,95.528,95.392,95.308,95.154
373.3,95.207,94.803,95.01,95.52,95.389,95.242,95.21
373.35,95.074,94.885,95.102,95.494,95.328,95.122,95.219
373.4,95.041,94.945,95.128,95.407,95.296,95.14,95.262
373.45,95.088,94.881,95.16,95.381,95.352,95.134,95.306
373.5,95.082,94.922,95.175,95.29,95.348,95.039,95.218
373.55,95.227,94.907,95.181,95.287,95.322,94.94,95.227
373.6,95.306,94.966,95.245,95.287,95.23,94.971,95.247
373.65,95.374,95.021,95.212,95.314,95.178,95.061,95.363
373.7,95.386,95.027,95.163,95.345,95.126,95.045,95.326
373.75,95.424,95.079,95.154,95.338,95.189,95.045,95.37
373.8,95.483,95,95.107,95.361,95.259,94.963,95.288
373.85,95.509,95.087,95.103,95.358,95.085,94.853,95.099
373.9,95.428,95.148,95.099,95.386,94.954,94.862,95.064
373.95,95.238,95.102,95.097,95.378,95.053,94.879,94.904
374,95.274,95.047,95.047,95.337,95.084,94.894,94.795
374.05,95.351,95.041,95.134,95.297,95.012,94.836,94.681
374.1,95.354,95.081,95.081,95.248,95.035,94.844,94.751
374.15,95.331,95.041,95.087,95.303,94.922,94.934,94.792
374.2,95.306,94.98,95.071,95.276,94.911,94.986,94.788
374.25,95.316,94.861,95.096,95.306,95.013,95.116,94.917
374.3,95.358,94.778,95.213,95.255,95.062,95.12,94.954
374.35,95.428,94.788,95.256,95.261,95.023,95.128,95.142
374.4,95.273,94.73,95.227,95.166,94.955,95.129,95.222
374.45,95.11,94.806,95.084,95.079,94.949,95.071,95.25
374.5,95.097,94.74,95.073,95.045,94.882,95.102,95.171
374.55,95.18,94.678,94.949,94.978,94.858,95.102,95.079
374.6,95.114,94.789,94.928,95.01,94.722,95.11,95.197
374.65,95.033,94.899,94.931,94.937,94.832,94.966,95.117
374.7,94.904,94.957,94.911,94.994,94.882,94.955,95.117
374.75,94.841,94.936,95.009,95.024,94.891,94.989,95.07
374.8,94.978,95.052,94.998,95.14,94.945,95.027,94.998
374.85,94.933,94.923,95.084,95.206,94.969,95.09,94.963
374.9,94.917,94.902,95.203,95.23,94.945,95.116,95.068
374.95,94.862,94.814,95.287,95.209,95.024,95.16,95.076
375,94.852,94.78,95.352,95.195,95.099,95.122,95.021
375.05,94.833,94.733,95.287,95.23,94.913,95.187,95.056
375.1,94.91,94.734,95.23,95.247,94.847,95.245,94.962
375.15,95.009,94.707,95.108,95.201,94.867,95.242,94.937
375.2,94.893,94.667,95.244,95.155,95.05,95.155,94.998
375.25,95.033,94.785,95.219,95.198,95.074,95.021,95.018
375.3,95.023,94.788,95.206,95.248,95.161,94.994,95.081
375.35,94.991,94.843,95.218,95.287,95.11,94.897,95.088
375.4,95.012,94.887,95.218,95.323,95.129,95.015,95.107
375.45,95.021,94.911,95.276,95.374,95.235,94.989,95.166
375.5,94.987,95.026,95.256,95.291,95.291,95.012,95.271
375.55,94.943,95.123,95.267,95.418,95.236,94.972,95.335
375.6,95.07,95.129,95.169,95.482,95.099,95.103,95.412
375.65,95.116,95.215,95.273,95.464,95.082,95.255,95.425
375.7,95.227,95.259,95.29,95.435,95.132,95.314,95.326
375.75,95.221,95.293,95.238,95.461,95.154,95.317,95.233
375.8,95.25,95.222,95.279,95.447,95.139,95.309,95.163
375.85,95.39,95.207,95.302,95.497,95.076,95.341,95.174
375.9,95.462,95.187,95.398,95.665,95.067,95.346,95.229
375.95,95.518,95.113,95.392,95.564,95.158,95.358,95.152
376,95.555,95.134,95.39,95.63,95.201,95.404,95.041
376.05,95.503,95.097,95.309,95.648,95.195,95.38,95.103
376.1,95.436,95.097,95.215,95.688,95.131,95.363,95.079
376.15,95.566,95.105,95.178,95.671,95.2,95.367,95.113
376.2,95.74,95.097,95.163,95.691,95.258,95.462,95.198
376.25,95.638,95.143,95.071,95.694,95.276,95.528,95.193
376.3,95.576,95.149,95.068,95.592,95.319,95.421,95.219
376.35,95.631,95.271,95.107,95.613,95.206,95.378,95.276
376.4,95.604,95.204,95.16,95.496,95.16,95.25,95.282
376.45,95.573,95.189,95.148,95.369,95.219,95.241,95.264
376.5,95.531,95.224,95.261,95.367,95.218,95.201,95.345
376.55,95.439,95.183,95.316,95.316,95.132,95.204,95.421
376.6,95.268,95.229,95.34,95.378,94.998,95.065,95.387
376.65,95.34,95.18,95.406,95.276,94.984,94.991,95.369
376.7,95.392,95.178,95.396,95.247,95.018,95.03,95.255
376.75,95.294,95.157,95.213,95.235,95.023,95.166,95.326
376.8,95.276,95.222,95.174,95.302,95.027,95.204,95.398
376.85,95.302,95.244,95.151,95.406,95,95.195,95.351
376.9,95.37,95.178,95.113,95.421,94.943,95.187,95.354
376.95,95.428,95.215,95.186,95.433,95.039,95.134,95.288
377,95.43,95.209,95.122,95.363,95.161,95.126,95.28
377.05,95.37,95.18,95.03,95.354,95.232,95.096,95.25
377.1,95.334,95.161,94.873,95.372,95.192,95.032,95.303
377.15,95.357,95.164,94.998,95.361,95.146,94.931,95.229
377.2,95.337,95.1,95.052,95.319,95.174,94.858,95.235
377.25,95.363,95.029,95.038,95.363,95.155,94.858,95.276
377.3,95.358,95.047,95.006,95.299,95.213,94.806,95.213
377.35,95.288,95.094,94.868,95.314,95.21,94.829,95.299
377.4,95.232,95.09,94.888,95.261,95.221,94.756,95.425
377.45,95.326,95.041,94.971,95.219,95.148,94.792,95.361
377.5,95.422,94.997,95.093,95.224,95.2,94.868,95.387
377.55,95.399,94.965,95.049,95.233,95.268,94.806,95.306
377.6,95.357,95,94.949,95.197,95.245,94.899,95.203
377.65,95.229,94.995,95.05,95.119,95.3,94.888,95.14
377.7,95.221,95.001,95.132,95.073,95.316,94.875,95.123
377.75,95.232,94.943,95.168,94.96,95.288,94.904,95.131
377.8,95.335,95.001,95.161,94.928,95.255,94.936,94.989
377.85,95.322,95.067,95.113,95.004,95.229,94.882,94.995
377.9,95.2,95.05,95.119,95.038,95.212,94.862,94.943
377.95,95.245,95.001,95.184,95.013,95.291,94.914,95.021
378,95.273,95.001,95.219,94.934,95.245,94.794,95.056
378.05,95.322,95.033,95.155,94.989,95.074,94.838,95.091
378.1,95.247,95.1,95.102,95.021,95.074,94.864,95.053
378.15,95.338,95.201,95.14,95.142,94.971,94.888,94.922
378.2,95.273,95.203,95.154,95.241,95.03,94.92,94.987
378.25,95.212,95.311,95.193,95.23,95.084,94.928,95.044
378.3,95.227,95.351,95.209,95.181,95.058,94.888,95.102
378.35,95.184,95.454,95.203,95.126,95,94.955,95.091
378.4,95.187,95.479,95.209,95.284,95.067,95.074,95.134
378.45,95.218,95.422,95.181,95.238,95.203,95.117,95.122
378.5,95.206,95.404,95.113,95.291,95.171,95.193,95.117
378.55,95.082,95.375,95.074,95.262,95.317,95.236,95.233
378.6,95.119,95.383,95.088,95.276,95.256,95.296,95.143
378.65,95.154,95.27,95.001,95.322,95.314,95.267,95.238
378.7,95.258,95.25,94.981,95.3,95.337,95.317,95.216
378.75,95.215,95.203,94.991,95.317,95.259,95.236,95.189
378.8,95.197,95.226,94.995,95.238,95.213,95.192,95.198
378.85,95.065,95.21,94.997,95.213,95.148,95.216,95.163
378.9,95.198,95.2,95.05,95.16,95.155,95.16,95.207
378.95,95.235,95.181,95.113,95.149,95.142,95.084,95.197
379,95.267,95.096,95.116,95.071,95.187,94.983,95.297
379.05,95.297,95.189,95.184,95.004,95.07,95.015,95.229
379.1,95.291,95.284,95.198,94.96,95.055,94.986,95.232
379.15,95.427,95.151,95.242,94.983,95.119,95.044,95.204
379.2,95.502,95.149,95.235,94.946,95.132,95.116,95.229
379.25,95.683,95.132,95.308,95.018,95.181,95.027,95.247
379.3,95.644,95.081,95.271,95.004,95.154,94.992,95.293
379.35,95.575,95.059,95.232,95.035,95.119,95.039,95.334
379.4,95.61,95.053,95.235,95.094,94.991,95.103,95.383
379.45,95.56,94.981,95.251,95.135,95.021,95.103,95.308
379.5,95.496,94.875,95.216,95.229,94.934,95.139,95.396
379.55,95.439,94.902,95.102,95.192,94.888,95.171,95.421
379.6,95.424,94.785,95.099,95.277,94.862,95.053,95.337
379.65,95.357,94.676,95.013,95.183,94.879,94.925,95.39
379.7,95.32,94.609,95.128,95.171,94.882,94.987,95.355
379.75,95.366,94.54,95.151,95.114,94.835,94.943,95.2
379.8,95.255,94.527,95.079,95.035,94.751,94.818,95.061
379.85,95.209,94.405,95.062,94.978,94.658,94.839,95.03
379.9,95.135,94.315,94.978,94.931,94.658,94.724,94.878
379.95,95.064,94.344,95,94.894,94.653,94.56,94.829
380,94.954,94.308,94.878,94.766,94.606,94.514,94.891
380.05,94.902,94.336,94.904,94.765,94.426,94.572,94.841
380.1,94.815,94.241,94.696,94.672,94.269,94.458,94.864
380.15,94.759,94.205,94.553,94.623,94.142,94.36,94.891
380.2,94.699,94.148,94.475,94.589,94.153,94.392,94.835
380.25,94.649,94.109,94.342,94.522,94.159,94.412,94.769
380.3,94.632,94.069,94.249,94.563,94.089,94.388,94.759
380.35,94.513,93.89,94.238,94.505,93.881,94.376,94.742
380.4,94.513,93.837,94.17,94.485,93.759,94.263,94.638
380.45,94.481,93.761,94.066,94.427,93.738,94.199,94.543
380.5,94.481,93.752,93.964,94.46,93.781,94.107,94.446
380.55,94.429,93.727,93.887,94.444,93.785,93.947,94.374
380.6,94.371,93.633,93.823,94.398,93.761,93.832,94.315
380.65,94.299,93.64,93.816,94.35,93.684,93.695,94.289
380.7,94.296,93.576,93.834,94.24,93.596,93.61,94.257
380.75,94.252,93.544,93.707,94.144,93.671,93.471,94.186
380.8,94.203,93.564,93.776,94.139,93.701,93.439,94.044
380.85,94.113,93.529,93.829,94.131,93.721,93.335,93.895
380.9,94.066,93.51,93.861,94.081,93.614,93.34,93.816
380.95,94.096,93.44,93.935,94.025,93.617,93.427,93.666
381,94.084,93.408,93.916,93.985,93.605,93.306,93.616
381.05,94.022,93.329,93.883,94.011,93.55,93.263,93.614
381.1,93.849,93.332,93.871,93.909,93.571,93.263,93.561
381.15,93.906,93.384,93.791,93.932,93.575,93.257,93.532
381.2,93.867,93.341,93.791,93.874,93.498,93.303,93.62
381.25,93.903,93.381,93.672,93.776,93.504,93.333,93.741
381.3,93.822,93.367,93.697,93.7,93.587,93.376,93.726
381.35,93.753,93.359,93.625,93.671,93.6,93.398,93.843
381.4,93.774,93.369,93.692,93.629,93.646,93.484,93.806
381.45,93.852,93.384,93.68,93.626,93.727,93.44,93.808
381.5,93.947,93.359,93.68,93.605,93.767,93.536,93.828
381.55,93.892,93.318,93.707,93.655,93.704,93.619,93.91
381.6,93.839,93.304,93.678,93.69,93.719,93.623,93.854
381.65,93.761,93.204,93.675,93.79,93.706,93.584,93.816
381.7,93.805,93.114,93.735,93.901,93.703,93.452,93.851
381.75,93.779,93.03,93.684,93.906,93.672,93.391,93.817
381.8,93.703,92.999,93.599,93.912,93.629,93.352,93.816
381.85,93.617,92.9,93.526,93.803,93.616,93.263,93.784
381.9,93.674,92.805,93.471,93.797,93.491,93.172,93.721
381.95,93.712,92.731,93.521,93.69,93.501,93.135,93.579
382,93.747,92.644,93.396,93.605,93.512,93.114,93.529
382.05,93.744,92.572,93.361,93.506,93.42,93.129,93.456
382.1,93.744,92.561,93.242,93.417,93.356,93.161,93.362
382.15,93.773,92.467,93.248,93.332,93.277,93.1,93.385
382.2,93.835,92.378,93.158,93.324,93.224,93.071,93.336
382.25,93.849,92.294,93.155,93.35,93.047,93.198,93.306
382.3,93.811,92.181,93.079,93.323,93.03,93.196,93.301
382.35,93.738,92.014,92.963,93.307,92.984,93.161,93.245
382.4,93.784,91.945,92.909,93.236,92.914,93.076,93.193
382.45,93.867,91.93,92.795,93.167,92.827,92.975,93.169
382.5,93.755,91.882,92.709,93.095,92.694,92.92,93.175
382.55,93.697,91.898,92.622,93.066,92.618,92.912,93.028
382.6,93.642,91.748,92.549,93.016,92.432,92.937,92.957
382.65,93.553,91.62,92.47,92.874,92.38,92.746,92.853
382.7,93.382,91.56,92.357,92.778,92.325,92.683,92.621
382.75,93.246,91.537,92.215,92.773,92.168,92.586,92.589
382.8,93.138,91.432,92.16,92.682,92.072,92.506,92.596
382.85,92.96,91.302,92.159,92.564,92.056,92.487,92.52
382.9,92.883,91.162,92.101,92.458,92.052,92.365,92.372
382.95,92.725,91.039,92.038,92.363,92.047,92.34,92.393
383,92.628,90.95,92.072,92.267,92.064,92.155,92.372
383.05,92.575,90.935,91.934,92.232,92,92.134,92.372
383.1,92.575,90.924,91.966,92.229,91.917,92,92.406
383.15,92.577,90.862,91.94,92.078,91.838,91.89,92.404
383.2,92.444,90.787,91.809,92.122,91.718,91.788,92.31
383.25,92.461,90.749,91.637,92.101,91.634,91.771,92.27
383.3,92.522,90.631,91.493,92.015,91.527,91.721,92.198
383.35,92.542,90.475,91.4,91.98,91.397,91.522,92.014
383.4,92.543,90.359,91.261,91.925,91.31,91.434,91.997
383.45,92.525,90.141,91.203,91.901,91.266,91.318,91.898
383.5,92.514,89.932,91.006,91.748,91.138,91.252,91.853
383.55,92.59,89.757,90.935,91.721,91.116,91.165,91.745
383.6,92.575,89.479,90.906,91.556,91.037,91.153,91.62
383.65,92.455,89.224,90.79,91.611,90.958,91.04,91.537
383.7,92.355,89.041,90.663,91.568,90.852,90.987,91.524
383.75,92.358,88.824,90.439,91.434,90.628,90.929,91.473
383.8,92.247,88.591,90.239,91.359,90.483,90.895,91.435
383.85,92.162,88.411,90.045,91.159,90.315,90.845,91.325
383.9,92.113,88.158,89.815,91.121,90.204,90.8,91.193
383.95,91.934,87.88,89.561,90.88,90.03,90.739,90.991
384,91.91,87.663,89.276,90.752,89.87,90.593,90.871
384.05,91.858,87.363,89.075,90.396,89.557,90.439,90.723
384.1,91.792,87.184,88.838,90.163,89.33,90.326,90.463
384.15,91.666,86.974,88.655,90.01,89.178,90.157,90.236
384.2,91.553,86.772,88.426,89.772,89.008,89.972,89.973
384.25,91.458,86.554,88.164,89.542,88.847,89.767,89.789
384.3,91.283,86.368,87.939,89.22,88.609,89.537,89.607
384.35,91.17,86.177,87.599,89.015,88.336,89.336,89.474
384.4,90.961,85.918,87.344,88.779,88.156,89.185,89.323
384.45,90.787,85.847,87.039,88.602,88.078,88.965,89.116
384.5,90.57,85.542,86.794,88.414,87.97,88.762,89.021
384.55,90.361,85.376,86.586,88.176,87.866,88.603,88.89
384.6,90.157,85.217,86.314,87.949,87.708,88.464,88.763
384.65,89.928,85.052,86.137,87.785,87.657,88.257,88.623
384.7,89.743,84.807,85.989,87.701,87.589,88.113,88.544
384.75,89.531,84.66,85.977,87.579,87.498,87.994,88.428
384.8,89.307,84.467,85.855,87.36,87.427,87.897,88.329
384.85,89.169,84.171,85.771,87.151,87.241,87.926,88.297
384.9,89.024,83.931,85.68,86.966,87.022,87.798,88.161
384.95,88.863,83.443,85.515,86.775,86.848,87.689,88.065
385,88.724,83.009,85.382,86.595,86.586,87.564,87.917
385.05,88.643,82.39,85.181,86.456,86.11,87.44,87.718
385.1,88.499,81.764,84.955,86.235,85.632,87.199,87.508
385.15,88.38,80.875,84.665,86.166,85.152,86.867,87.297
385.2,88.329,80.029,84.39,86.079,84.369,86.438,86.96
385.25,88.226,78.922,83.981,85.974,83.586,85.948,86.517
385.3,88.234,77.649,83.443,85.905,82.591,85.452,85.951
385.35,88.058,76.266,82.872,85.777,81.273,84.804,85.323
385.4,87.95,74.651,82.187,85.629,79.892,84.018,84.47
385.45,87.724,72.925,81.235,85.358,78.374,83.118,83.481
385.5,87.48,71.033,80.103,85.034,76.744,82.06,82.204
385.55,87.164,68.958,78.778,84.492,74.809,80.884,80.789
385.6,86.737,66.653,77.258,83.868,72.827,79.448,79.137
385.65,86.093,64.163,75.615,83.154,70.515,77.803,77.321
385.7,85.187,61.534,73.781,82.263,68.121,75.923,75.394
385.75,84.346,58.856,71.651,81.186,65.572,73.889,73.186
385.8,83.279,56.021,69.408,79.929,62.81,71.684,70.799
385.85,82.022,53.05,67.056,78.532,59.848,69.249,68.216
385.9,80.617,49.982,64.555,76.909,56.757,66.594,65.494
385.95,78.963,46.904,61.902,75.072,53.6,63.747,62.56
386,77.15,43.843,59.125,73.149,50.285,60.84,59.526
386.05,75.145,40.836,56.177,70.911,47.023,57.726,56.354
386.1,73.027,37.862,53.151,68.465,43.687,54.544,53.098
386.15,70.592,34.93,50.053,65.924,40.448,51.297,49.789
386.2,67.938,32.141,46.906,63.153,37.242,47.958,46.48
386.25,65.15,29.492,43.776,60.236,34.174,44.675,43.129
386.3,62.213,26.952,40.681,57.243,31.165,41.446,39.861
386.35,59.155,24.605,37.619,54.12,28.311,38.255,36.662
386.4,55.916,22.372,34.619,50.873,25.635,35.139,33.586
386.45,52.621,20.328,31.738,47.643,23.116,32.121,30.577
386.5,49.217,18.465,29.012,44.421,20.779,29.237,27.699
386.55,45.859,16.762,26.469,41.18,18.597,26.48,24.983
386.6,42.514,15.211,24.034,38.039,16.644,23.906,22.472
386.65,39.215,13.852,21.8,34.962,14.871,21.484,20.166
386.7,35.924,12.656,19.707,31.978,13.255,19.232,18.011
386.75,32.756,11.604,17.79,29.172,11.844,17.197,16.043
386.8,29.744,10.69,16.049,26.541,10.611,15.315,14.244
386.85,26.898,9.926,14.523,24.062,9.529,13.637,12.659
386.9,24.205,9.259,13.12,21.689,8.62,12.149,11.252
386.95,21.681,8.702,11.906,19.53,7.848,10.828,10.02
387,19.345,8.218,10.84,17.542,7.199,9.695,8.926
387.05,17.192,7.8,9.941,15.742,6.659,8.701,8.017
387.1,15.24,7.442,9.172,14.124,6.207,7.84,7.227
387.15,13.492,7.141,8.527,12.695,5.821,7.132,6.583
387.2,11.903,6.868,7.973,11.401,5.51,6.528,6.024
387.25,10.522,6.618,7.486,10.318,5.257,6.041,5.571
387.3,9.32,6.389,7.097,9.38,5.019,5.634,5.186
387.35,8.284,6.165,6.754,8.583,4.825,5.315,4.887
387.4,7.407,5.939,6.465,7.889,4.63,5.006,4.614
387.45,6.659,5.751,6.203,7.335,4.456,4.758,4.387
387.5,6.036,5.569,5.96,6.847,4.283,4.55,4.204
387.55,5.524,5.379,5.737,6.451,4.129,4.361,4.022
387.6,5.125,5.194,5.534,6.111,3.963,4.201,3.889
387.65,4.761,5.017,5.351,5.803,3.824,4.045,3.755
387.7,4.474,4.832,5.17,5.547,3.687,3.9,3.612
387.75,4.245,4.66,5,5.309,3.555,3.763,3.479
387.8,4.042,4.506,4.826,5.124,3.441,3.633,3.366
387.85,3.873,4.346,4.651,4.93,3.328,3.516,3.261
387.9,3.728,4.199,4.482,4.765,3.217,3.404,3.162
387.95,3.578,4.06,4.314,4.61,3.111,3.288,3.067
388,3.435,3.912,4.163,4.446,3.003,3.154,2.953
388.05,3.322,3.775,4.022,4.294,2.89,3.053,2.858
388.1,3.212,3.639,3.893,4.14,2.794,2.946,2.774
388.15,3.107,3.52,3.754,4.005,2.69,2.846,2.678
388.2,3.009,3.398,3.618,3.859,2.591,2.742,2.586
388.25,2.896,3.267,3.487,3.716,2.493,2.64,2.496
388.3,2.803,3.143,3.377,3.58,2.415,2.539,2.399
388.35,2.719,3.009,3.268,3.459,2.332,2.457,2.312
388.4,2.629,2.899,3.16,3.331,2.248,2.388,2.229
388.45,2.525,2.782,3.036,3.215,2.18,2.31,2.151
388.5,2.437,2.675,2.913,3.101,2.097,2.225,2.077
388.55,2.35,2.568,2.808,2.989,2.022,2.142,2.013
388.6,2.264,2.477,2.705,2.884,1.947,2.06,1.947
388.65,2.205,2.396,2.602,2.783,1.874,1.993,1.871
388.7,2.126,2.313,2.493,2.695,1.79,1.921,1.808
388.75,2.051,2.228,2.393,2.583,1.718,1.851,1.746
388.8,1.985,2.136,2.29,2.489,1.656,1.784,1.688
388.85,1.935,2.057,2.203,2.393,1.581,1.709,1.625
388.9,1.871,1.987,2.122,2.309,1.523,1.653,1.567
388.95,1.804,1.912,2.037,2.225,1.462,1.588,1.501
389,1.741,1.831,1.964,2.136,1.407,1.552,1.439
389.05,1.68,1.758,1.897,2.061,1.358,1.489,1.392
389.1,1.617,1.677,1.822,1.973,1.314,1.439,1.346
389.15,1.566,1.624,1.756,1.909,1.266,1.387,1.291
389.2,1.506,1.564,1.7,1.846,1.227,1.343,1.251
389.25,1.454,1.512,1.631,1.77,1.181,1.297,1.216
389.3,1.408,1.447,1.564,1.7,1.144,1.262,1.175
389.35,1.363,1.402,1.506,1.634,1.111,1.218,1.137
389.4,1.318,1.352,1.439,1.573,1.074,1.161,1.097
389.45,1.271,1.3,1.389,1.524,1.035,1.123,1.051
389.5,1.234,1.263,1.335,1.468,1.001,1.083,1.015
389.55,1.186,1.213,1.28,1.399,0.963,1.035,0.983
389.6,1.149,1.17,1.231,1.349,0.925,0.992,0.945
389.65,1.108,1.122,1.189,1.302,0.9,0.948,0.911
389.7,1.07,1.083,1.152,1.254,0.868,0.903,0.882
389.75,1.044,1.05,1.109,1.212,0.839,0.87,0.848
389.8,1.007,1.021,1.074,1.166,0.807,0.836,0.822
389.85,0.972,0.981,1.03,1.114,0.784,0.809,0.8
389.9,0.934,0.932,0.989,1.08,0.752,0.777,0.771
389.95,0.896,0.893,0.952,1.042,0.725,0.763,0.746
390,0.868,0.862,0.917,1.004,0.7,0.74,0.725
390.05,0.844,0.824,0.882,0.98,0.674,0.72,0.696
390.1,0.816,0.792,0.844,0.938,0.647,0.703,0.668
390.15,0.78,0.755,0.818,0.903,0.618,0.679,0.648
390.2,0.749,0.722,0.787,0.871,0.594,0.662,0.627
390.25,0.726,0.697,0.757,0.835,0.565,0.638,0.601
390.3,0.706,0.676,0.737,0.795,0.546,0.626,0.574
390.35,0.685,0.653,0.708,0.768,0.528,0.606,0.555
390.4,0.664,0.635,0.687,0.746,0.511,0.584,0.539
390.45,0.633,0.616,0.661,0.716,0.494,0.569,0.517
390.5,0.612,0.595,0.642,0.697,0.475,0.545,0.499
390.55,0.6,0.577,0.621,0.679,0.461,0.533,0.481
390.6,0.591,0.558,0.598,0.655,0.45,0.517,0.456
390.65,0.568,0.54,0.586,0.635,0.444,0.505,0.446
390.7,0.542,0.523,0.557,0.61,0.429,0.475,0.439
390.75,0.525,0.502,0.536,0.597,0.417,0.452,0.426
390.8,0.504,0.479,0.516,0.568,0.395,0.432,0.412
390.85,0.494,0.462,0.497,0.548,0.378,0.41,0.4
390.9,0.479,0.444,0.476,0.529,0.369,0.392,0.391
390.95,0.455,0.424,0.45,0.51,0.359,0.375,0.38
391,0.435,0.404,0.436,0.494,0.342,0.356,0.369
391.05,0.421,0.386,0.417,0.482,0.322,0.345,0.356
391.1,0.409,0.374,0.409,0.473,0.314,0.342,0.337
391.15,0.392,0.363,0.398,0.455,0.304,0.328,0.325
391.2,0.385,0.343,0.386,0.439,0.304,0.323,0.307
391.25,0.369,0.327,0.372,0.426,0.298,0.322,0.299
391.3,0.354,0.319,0.362,0.409,0.284,0.314,0.282
391.35,0.34,0.299,0.351,0.389,0.272,0.302,0.273
391.4,0.33,0.296,0.34,0.374,0.264,0.294,0.269
391.45,0.316,0.284,0.327,0.36,0.25,0.279,0.259
391.5,0.305,0.267,0.305,0.343,0.232,0.267,0.25
391.55,0.301,0.25,0.293,0.331,0.232,0.264,0.244
391.6,0.284,0.247,0.279,0.33,0.214,0.253,0.243
391.65,0.27,0.24,0.264,0.322,0.197,0.241,0.232
391.7,0.259,0.226,0.249,0.307,0.191,0.232,0.223
391.75,0.253,0.224,0.246,0.296,0.183,0.224,0.212
391.8,0.249,0.208,0.232,0.284,0.182,0.214,0.2
391.85,0.246,0.198,0.22,0.273,0.177,0.209,0.194
391.9,0.235,0.189,0.22,0.261,0.18,0.201,0.191
391.95,0.224,0.189,0.211,0.249,0.163,0.197,0.186
392,0.217,0.183,0.2,0.227,0.154,0.186,0.174
392.05,0.211,0.18,0.197,0.212,0.163,0.18,0.169
392.1,0.208,0.168,0.186,0.208,0.157,0.171,0.166
392.15,0.198,0.162,0.175,0.204,0.156,0.16,0.165
392.2,0.186,0.159,0.171,0.198,0.148,0.156,0.162
392.25,0.18,0.156,0.168,0.198,0.148,0.148,0.151
392.3,0.174,0.153,0.157,0.197,0.139,0.143,0.148
392.35,0.169,0.143,0.154,0.188,0.136,0.131,0.139
392.4,0.162,0.127,0.146,0.183,0.136,0.13,0.137
392.45,0.154,0.119,0.139,0.179,0.127,0.122,0.131
392.5,0.142,0.124,0.139,0.177,0.124,0.119,0.128
392.55,0.134,0.113,0.125,0.163,0.111,0.119,0.124
392.6,0.133,0.107,0.117,0.162,0.107,0.114,0.119
392.65,0.124,0.098,0.114,0.146,0.099,0.107,0.114
392.7,0.119,0.09,0.114,0.142,0.095,0.107,0.102
392.75,0.114,0.089,0.107,0.133,0.09,0.108,0.101
392.8,0.117,0.093,0.104,0.133,0.085,0.102,0.095
392.85,0.119,0.087,0.098,0.125,0.081,0.095,0.089
392.9,0.121,0.075,0.093,0.116,0.072,0.093,0.082
392.95,0.122,0.067,0.089,0.108,0.078,0.09,0.078
393,0.114,0.066,0.084,0.105,0.076,0.085,0.067
393.05,0.11,0.06,0.078,0.108,0.072,0.079,0.066
393.1,0.105,0.06,0.067,0.099,0.069,0.072,0.066
393.15,0.104,0.052,0.063,0.099,0.063,0.067,0.063
393.2,0.093,0.05,0.063,0.089,0.061,0.064,0.058
393.25,0.087,0.046,0.064,0.089,0.055,0.069,0.055
393.3,0.081,0.043,0.063,0.09,0.056,0.06,0.055
393.35,0.078,0.044,0.063,0.092,0.047,0.053,0.053
393.4,0.07,0.046,0.058,0.085,0.047,0.055,0.056
393.45,0.067,0.041,0.061,0.078,0.04,0.058,0.053
393.5,0.066,0.04,0.058,0.076,0.043,0.058,0.047
393.55,0.063,0.038,0.056,0.07,0.044,0.05,0.049
393.6,0.064,0.032,0.056,0.072,0.04,0.047,0.049
393.65,0.061,0.029,0.052,0.067,0.037,0.041,0.049
393.7,0.061,0.031,0.044,0.06,0.034,0.046,0.046
393.75,0.056,0.029,0.043,0.06,0.034,0.055,0.044
393.8,0.056,0.026,0.04,0.053,0.029,0.05,0.044
393.85,0.055,0.027,0.035,0.05,0.031,0.043,0.043
393.9,0.053,0.026,0.038,0.044,0.027,0.043,0.044
393.95,0.055,0.024,0.037,0.043,0.029,0.047,0.04
394,0.049,0.02,0.032,0.035,0.031,0.047,0.034
394.05,0.043,0.023,0.029,0.032,0.029,0.044,0.027
394.1,0.041,0.017,0.026,0.031,0.029,0.041,0.027
394.15,0.04,0.02,0.024,0.026,0.027,0.037,0.021
394.2,0.035,0.015,0.018,0.021,0.02,0.037,0.018
394.25,0.029,0.011,0.012,0.026,0.018,0.034,0.017
394.3,0.023,0.008,0.002,0.026,0.015,0.029,0.015
394.35,0.012,0.009,-0.002,0.024,0.009,0.021,0.011
394.4,0.012,0.008,-0.009,0.031,0.009,0.017,0.011
394.45,0.011,0,-0.014,0.026,0.006,0.017,0.005
394.5,0.008,0.006,-0.015,0.021,0.003,0.012,0
394.55,0.002,0,-0.021,0.023,0,0.005,0.006
394.6,0.003,-0.003,-0.018,0.021,0.005,0.002,0
394.65,-0.002,0,-0.02,0.017,0,0.003,0
394.7,-0.003,0.005,-0.014,0.012,-0.002,-0.002,-0.002
394.75,0.002,0,-0.012,0.011,-0.002,-0.002,0
394.8,-0.002,-0.002,-0.008,0.006,-0.005,-0.002,0.003
394.85,-0.002,0.003,-0.008,0.006,-0.006,-0.003,0.006
394.9,-0.006,0,-0.005,0.003,-0.008,-0.002,0.008
394.95,0,0,-0.002,-0.002,-0.006,-0.002,0.002
395,-0.002,0.002,-0.002,0,-0.009,-0.002,0.005
395.05,0.003,-0.008,-0.009,-0.008,-0.003,-0.002,0.003
395.1,0.005,-0.008,-0.011,-0.008,-0.003,0.002,0.003
395.15,0.003,-0.003,-0.012,-0.005,-0.008,0.006,-0.002
395.2,0.006,-0.002,-0.015,-0.006,-0.012,-0.002,-0.003
395.25,0.006,0,-0.015,-0.006,-0.012,0.002,-0.008
395.3,0.009,-0.002,-0.018,-0.006,-0.012,-0.003,-0.008
395.35,0.002,-0.003,-0.014,-0.006,-0.017,-0.003,-0.014
395.4,-0.002,-0.002,-0.014,-0.012,-0.012,-0.005,-0.015
395.45,-0.008,0.005,-0.008,-0.011,-0.018,-0.008,-0.014
395.5,-0.011,-0.003,-0.006,-0.014,-0.02,-0.009,-0.015
395.55,-0.011,-0.005,-0.006,-0.021,-0.018,-0.017,-0.02
395.6,-0.015,-0.011,-0.006,-0.021,-0.017,-0.018,-0.023
395.65,-0.018,-0.015,-0.009,-0.024,-0.011,-0.027,-0.021
395.7,-0.02,-0.015,-0.009,-0.024,-0.012,-0.023,-0.026
395.75,-0.014,-0.014,-0.012,-0.027,-0.011,-0.026,-0.023
395.8,-0.011,-0.015,-0.014,-0.024,-0.017,-0.024,-0.024
395.85,-0.011,-0.017,-0.015,-0.023,-0.018,-0.027,-0.024
395.9,-0.011,-0.014,-0.018,-0.015,-0.018,-0.026,-0.023
395.95,-0.012,-0.014,-0.018,-0.014,-0.02,-0.026,-0.015
396,-0.012,-0.012,-0.021,-0.015,-0.026,-0.023,-0.012
396.05,-0.017,-0.011,-0.021,-0.012,-0.034,-0.017,-0.017
396.1,-0.023,-0.011,-0.02,-0.012,-0.029,-0.023,-0.015
396.15,-0.026,-0.014,-0.02,-0.008,-0.032,-0.02,-0.014
396.2,-0.031,-0.012,-0.021,-0.008,-0.032,-0.023,-0.011
396.25,-0.029,-0.014,-0.02,-0.011,-0.027,-0.02,-0.011
396.3,-0.031,-0.012,-0.024,-0.011,-0.029,-0.021,-0.011
396.35,-0.032,-0.014,-0.02,-0.011,-0.029,-0.018,-0.012
396.4,-0.034,-0.012,-0.015,-0.014,-0.029,-0.017,-0.015
396.45,-0.029,-0.014,-0.014,-0.015,-0.029,-0.014,-0.009
396.5,-0.023,-0.018,-0.02,-0.015,-0.031,-0.011,-0.005
396.55,-0.024,-0.017,-0.018,-0.015,-0.026,-0.011,-0.008
396.6,-0.027,-0.015,-0.014,-0.015,-0.023,-0.011,-0.006
396.65,-0.027,-0.014,-0.011,-0.02,-0.024,-0.011,-0.011
396.7,-0.024,-0.017,-0.005,-0.027,-0.021,-0.015,-0.017
396.75,-0.023,-0.017,-0.008,-0.023,-0.018,-0.012,-0.014
396.8,-0.023,-0.014,-0.014,-0.015,-0.015,-0.014,-0.012
396.85,-0.023,-0.012,-0.014,-0.014,-0.014,-0.012,-0.011
396.9,-0.029,-0.009,-0.014,-0.011,-0.014,-0.014,-0.018
396.95,-0.027,-0.009,-0.014,-0.017,-0.015,-0.012,-0.017
397,-0.023,-0.017,-0.018,-0.018,-0.017,-0.014,-0.018
397.05,-0.026,-0.015,-0.02,-0.017,-0.014,-0.015,-0.015
397.1,-0.026,-0.018,-0.023,-0.012,-0.012,-0.009,-0.011
397.15,-0.026,-0.018,-0.023,-0.017,-0.017,-0.011,-0.015
397.2,-0.024,-0.017,-0.017,-0.023,-0.012,-0.009,-0.014
397.25,-0.024,-0.017,-0.02,-0.024,-0.009,-0.014,-0.017
397.3,-0.024,-0.017,-0.021,-0.029,-0.009,-0.015,-0.012
397.35,-0.026,-0.017,-0.02,-0.023,-0.011,-0.015,-0.015
397.4,-0.026,-0.014,-0.023,-0.018,-0.014,-0.014,-0.017
397.45,-0.023,-0.015,-0.024,-0.021,-0.021,-0.015,-0.017
397.5,-0.023,-0.012,-0.015,-0.021,-0.024,-0.018,-0.02
397.55,-0.024,-0.015,-0.015,-0.017,-0.023,-0.021,-0.021
397.6,-0.02,-0.018,-0.017,-0.017,-0.027,-0.023,-0.021
397.65,-0.021,-0.021,-0.017,-0.018,-0.029,-0.018,-0.021
397.7,-0.02,-0.023,-0.011,-0.018,-0.024,-0.014,-0.023
397.75,-0.018,-0.026,-0.012,-0.018,-0.031,-0.018,-0.02
397.8,-0.021,-0.024,-0.009,-0.023,-0.026,-0.017,-0.02
397.85,-0.018,-0.023,-0.011,-0.021,-0.017,-0.015,-0.02
397.9,-0.02,-0.018,-0.018,-0.021,-0.011,-0.012,-0.023
397.95,-0.014,-0.017,-0.02,-0.023,-0.011,-0.014,-0.017
398,-0.021,-0.012,-0.021,-0.02,-0.011,-0.015,-0.017
398.05,-0.015,-0.008,-0.018,-0.02,-0.009,-0.018,-0.023
398.1,-0.015,0,-0.018,-0.017,-0.014,-0.02,-0.024
398.15,-0.017,0,-0.021,-0.017,-0.005,-0.017,-0.02
398.2,-0.011,-0.005,-0.023,-0.014,-0.008,-0.02,-0.018
398.25,-0.015,-0.005,-0.021,-0.009,-0.009,-0.023,-0.015
398.3,-0.012,-0.008,-0.017,-0.012,-0.012,-0.024,-0.014
398.35,-0.017,-0.008,-0.018,-0.015,-0.012,-0.017,-0.015
398.4,-0.015,-0.011,-0.021,-0.015,-0.017,-0.014,-0.023
398.45,-0.02,-0.014,-0.018,-0.012,-0.02,-0.008,-0.014
398.5,-0.021,-0.021,-0.02,-0.012,-0.015,-0.015,-0.015
398.55,-0.018,-0.02,-0.014,-0.014,-0.014,-0.017,-0.015
398.6,-0.018,-0.017,-0.018,-0.014,-0.012,-0.017,-0.015
398.65,-0.017,-0.017,-0.02,-0.021,-0.018,-0.012,-0.015
398.7,-0.017,-0.018,-0.026,-0.017,-0.021,-0.017,-0.015
398.75,-0.011,-0.015,-0.023,-0.017,-0.018,-0.015,-0.015
398.8,-0.011,-0.02,-0.018,-0.017,-0.011,-0.018,-0.014
398.85,-0.006,-0.017,-0.023,-0.02,-0.011,-0.021,-0.015
398.9,-0.003,-0.015,-0.026,-0.024,-0.011,-0.021,-0.008
398.95,-0.005,-0.017,-0.029,-0.024,-0.012,-0.02,-0.012
399,-0.011,-0.023,-0.027,-0.017,-0.011,-0.018,-0.017
399.05,-0.009,-0.023,-0.026,-0.014,-0.008,-0.023,-0.015
399.1,-0.009,-0.023,-0.024,-0.018,-0.006,-0.02,-0.015
399.15,-0.018,-0.026,-0.023,-0.018,-0.012,-0.024,-0.018
399.2,-0.014,-0.021,-0.023,-0.017,-0.015,-0.027,-0.017
399.25,-0.017,-0.021,-0.02,-0.015,-0.015,-0.023,-0.017
399.3,-0.018,-0.02,-0.021,-0.009,-0.02,-0.017,-0.023
399.35,-0.015,-0.017,-0.024,-0.006,-0.023,-0.017,-0.023
399.4,-0.011,-0.012,-0.017,-0.014,-0.023,-0.015,-0.02
399.45,-0.015,-0.015,-0.02,-0.012,-0.023,-0.014,-0.023
399.5,-0.018,-0.012,-0.015,-0.011,-0.023,-0.015,-0.024
399.55,-0.017,-0.015,-0.018,-0.012,-0.02,-0.017,-0.021
399.6,-0.017,-0.021,-0.015,-0.011,-0.02,-0.015,-0.02
399.65,-0.015,-0.018,-0.018,-0.009,-0.02,-0.017,-0.018
399.7,-0.018,-0.018,-0.02,-0.011,-0.015,-0.023,-0.018
399.75,-0.018,-0.02,-0.015,-0.014,-0.017,-0.024,-0.017
399.8,-0.018,-0.02,-0.017,-0.014,-0.021,-0.024,-0.017
399.85,-0.014,-0.021,-0.017,-0.012,-0.018,-0.026,-0.015
399.9,-0.011,-0.024,-0.015,-0.011,-0.017,-0.026,-0.012
399.95,-0.012,-0.024,-0.014,-0.009,-0.014,-0.024,-0.014
400,-0.011,-0.018,-0.014,-0.012,-0.015,-0.021,-0.015
400.05,-0.014,-0.018,-0.015,-0.015,-0.02,-0.023,-0.015
400.1,-0.008,-0.021,-0.014,-0.018,-0.021,-0.023,-0.012
400.15,-0.008,-0.023,-0.014,-0.018,-0.023,-0.021,-0.018
400.2,-0.009,-0.018,-0.014,-0.021,-0.021,-0.021,-0.017
400.25,-0.009,-0.015,-0.012,-0.021,-0.024,-0.023,-0.017
400.3,-0.015,-0.012,-0.015,-0.024,-0.021,-0.018,-0.017
400.35,-0.014,-0.014,-0.015,-0.023,-0.024,-0.017,-0.015
400.4,-0.017,-0.012,-0.018,-0.026,-0.021,-0.02,-0.012
400.45,-0.018,-0.017,-0.018,-0.024,-0.015,-0.024,-0.014
400.5,-0.017,-0.014,-0.015,-0.021,-0.014,-0.021,-0.015
400.55,-0.02,-0.017,-0.015,-0.021,-0.009,-0.026,-0.015
400.6,-0.021,-0.017,-0.015,-0.015,-0.003,-0.026,-0.02
400.65,-0.021,-0.02,-0.011,-0.02,-0.003,-0.023,-0.024
400.7,-0.017,-0.018,-0.008,-0.017,-0.005,-0.021,-0.02
400.75,-0.021,-0.017,-0.008,-0.015,-0.005,-0.023,-0.02
400.8,-0.021,-0.012,-0.006,-0.015,-0.008,-0.021,-0.02
400.85,-0.02,-0.012,-0.003,-0.014,-0.008,-0.018,-0.014
400.9,-0.023,-0.009,-0.003,-0.014,-0.008,-0.02,-0.008
400.95,-0.021,-0.006,-0.006,-0.014,-0.012,-0.018,-0.003
401,-0.021,-0.011,-0.008,-0.014,-0.018,-0.021,0.002
401.05,-0.026,-0.005,-0.009,-0.012,-0.017,-0.02,0
401.1,-0.024,-0.009,-0.017,-0.015,-0.018,-0.023,-0.003
401.15,-0.017,-0.011,-0.015,-0.018,-0.018,-0.018,0
401.2,-0.015,-0.015,-0.017,-0.014,-0.017,-0.017,-0.002
401.25,-0.014,-0.014,-0.015,-0.015,-0.015,-0.017,-0.006
401.3,-0.014,-0.017,-0.017,-0.015,-0.012,-0.015,-0.011
401.35,-0.012,-0.015,-0.012,-0.015,-0.009,-0.011,-0.012
401.4,-0.009,-0.014,-0.011,-0.015,-0.006,-0.009,-0.014
401.45,-0.003,-0.017,-0.017,-0.015,-0.009,-0.014,-0.011
401.5,-0.009,-0.012,-0.014,-0.012,-0.005,-0.011,-0.012
401.55,-0.012,-0.008,-0.015,-0.011,-0.006,-0.017,-0.015
401.6,-0.012,-0.006,-0.02,-0.011,-0.008,-0.017,-0.018
401.65,-0.018,-0.008,-0.017,-0.012,-0.005,-0.017,-0.014
401.7,-0.018,-0.014,-0.02,-0.012,-0.012,-0.018,-0.014
401.75,-0.015,-0.015,-0.023,-0.014,-0.015,-0.02,-0.014
401.8,-0.021,-0.014,-0.024,-0.014,-0.02,-0.021,-0.012
401.85,-0.018,-0.017,-0.02,-0.015,-0.017,-0.018,-0.014
401.9,-0.011,-0.015,-0.021,-0.017,-0.023,-0.02,-0.014
401.95,-0.006,-0.017,-0.021,-0.015,-0.02,-0.018,-0.011
402,-0.006,-0.023,-0.018,-0.015,-0.021,-0.018,-0.008
402.05,-0.003,-0.02,-0.02,-0.012,-0.023,-0.015,-0.012
402.1,-0.005,-0.017,-0.02,-0.014,-0.018,-0.012,-0.015
402.15,-0.003,-0.018,-0.018,-0.011,-0.017,-0.018,-0.014
402.2,-0.006,-0.018,-0.018,-0.011,-0.014,-0.011,-0.012
402.25,-0.009,-0.014,-0.017,-0.011,-0.015,-0.012,-0.009
402.3,-0.012,-0.017,-0.015,-0.008,-0.018,-0.009,-0.009
402.35,-0.014,-0.02,-0.02,-0.011,-0.02,-0.008,-0.014
402.4,-0.02,-0.018,-0.015,-0.02,-0.02,-0.006,-0.017
402.45,-0.014,-0.021,-0.014,-0.02,-0.023,-0.009,-0.017
402.5,-0.017,-0.018,-0.012,-0.018,-0.023,-0.012,-0.015
402.55,-0.021,-0.017,-0.012,-0.02,-0.021,-0.006,-0.018
402.6,-0.02,-0.015,-0.012,-0.02,-0.021,-0.012,-0.021
402.65,-0.023,-0.015,-0.014,-0.021,-0.021,-0.012,-0.023
402.7,-0.024,-0.015,-0.014,-0.026,-0.018,-0.014,-0.023
402.75,-0.024,-0.015,-0.006,-0.023,-0.015,-0.017,-0.018
402.8,-0.021,-0.012,-0.009,-0.014,-0.018,-0.018,-0.017
402.85,-0.026,-0.012,-0.009,-0.012,-0.018,-0.012,-0.015
402.9,-0.029,-0.012,-0.009,-0.012,-0.021,-0.008,-0.018
402.95,-0.026,-0.012,-0.015,-0.014,-0.024,-0.006,-0.015
403,-0.021,-0.015,-0.009,-0.012,-0.026,-0.003,-0.014
403.05,-0.018,-0.015,-0.008,-0.009,-0.024,-0.002,-0.014
403.1,-0.018,-0.02,-0.006,-0.008,-0.024,-0.005,-0.014
403.15,-0.018,-0.015,-0.012,-0.011,-0.031,-0.006,-0.014
403.2,-0.017,-0.015,-0.011,-0.015,-0.029,-0.003,-0.015
403.25,-0.017,-0.012,-0.011,-0.017,-0.026,-0.008,-0.018
403.3,-0.011,-0.015,-0.011,-0.015,-0.026,-0.011,-0.015
403.35,-0.008,-0.017,-0.008,-0.009,-0.024,-0.018,-0.021
403.4,-0.008,-0.014,-0.011,-0.015,-0.021,-0.018,-0.021
403.45,-0.009,-0.017,-0.011,-0.014,-0.021,-0.017,-0.024
403.5,-0.008,-0.018,-0.009,-0.012,-0.023,-0.017,-0.02
403.55,-0.008,-0.021,-0.011,-0.012,-0.014,-0.014,-0.026
403.6,-0.009,-0.023,-0.012,-0.008,-0.014,-0.015,-0.027
403.65,-0.006,-0.026,-0.014,-0.006,-0.017,-0.017,-0.024
403.7,-0.008,-0.024,-0.014,-0.011,-0.015,-0.018,-0.024
403.75,-0.014,-0.02,-0.011,-0.018,-0.017,-0.014,-0.02
403.8,-0.015,-0.024,-0.011,-0.017,-0.017,-0.017,-0.018
403.85,-0.015,-0.024,-0.018,-0.018,-0.014,-0.02,-0.02
403.9,-0.014,-0.021,-0.021,-0.021,-0.012,-0.017,-0.024
403.95,-0.014,-0.02,-0.017,-0.021,-0.017,-0.015,-0.018
404,-0.017,-0.018,-0.017,-0.024,-0.014,-0.015,-0.018
404.05,-0.018,-0.018,-0.015,-0.024,-0.008,-0.014,-0.015
404.1,-0.014,-0.017,-0.02,-0.021,-0.006,-0.009,-0.018
404.15,-0.012,-0.02,-0.021,-0.018,-0.006,-0.011,-0.021
404.2,-0.012,-0.017,-0.018,-0.014,-0.008,-0.006,-0.024
404.25,-0.017,-0.017,-0.011,-0.014,-0.008,-0.006,-0.024
404.3,-0.017,-0.017,-0.012,-0.014,-0.008,-0.009,-0.021
404.35,-0.018,-0.023,-0.017,-0.014,-0.005,-0.012,-0.027
404.4,-0.018,-0.023,-0.023,-0.015,-0.005,-0.012,-0.026
404.45,-0.018,-0.021,-0.023,-0.015,-0.008,-0.009,-0.029
404.5,-0.026,-0.023,-0.017,-0.017,-0.006,-0.012,-0.029
404.55,-0.026,-0.02,-0.018,-0.017,-0.008,-0.015,-0.024
404.6,-0.029,-0.02,-0.023,-0.015,-0.008,-0.018,-0.024
404.65,-0.024,-0.02,-0.024,-0.011,-0.012,-0.017,-0.02
404.7,-0.026,-0.02,-0.023,-0.009,-0.015,-0.017,-0.024
404.75,-0.023,-0.012,-0.018,-0.011,-0.018,-0.017,-0.018
404.8,-0.021,-0.015,-0.014,-0.012,-0.018,-0.015,-0.017
404.85,-0.018,-0.014,-0.015,-0.014,-0.021,-0.018,-0.017
404.9,-0.017,-0.014,-0.012,-0.015,-0.023,-0.021,-0.011
404.95,-0.014,-0.018,-0.014,-0.017,-0.023,-0.02,-0.014
405,-0.009,-0.021,-0.012,-0.023,-0.024,-0.017,-0.012
405.05,-0.009,-0.023,-0.017,-0.024,-0.02,-0.018,-0.014
405.1,-0.015,-0.02,-0.015,-0.026,-0.018,-0.017,-0.009
405.15,-0.015,-0.026,-0.017,-0.027,-0.017,-0.017,-0.009
405.2,-0.015,-0.026,-0.017,-0.026,-0.017,-0.018,-0.014
405.25,-0.015,-0.026,-0.02,-0.026,-0.014,-0.017,-0.014
405.3,-0.015,-0.027,-0.023,-0.026,-0.011,-0.015,-0.02
405.35,-0.015,-0.026,-0.023,-0.02,-0.008,-0.017,-0.018
405.4,-0.015,-0.027,-0.024,-0.018,-0.008,-0.018,-0.023
405.45,-0.02,-0.024,-0.021,-0.017,-0.009,-0.02,-0.023
405.5,-0.017,-0.026,-0.023,-0.017,-0.008,-0.023,-0.021
405.55,-0.015,-0.026,-0.024,-0.014,-0.008,-0.024,-0.026
405.6,-0.015,-0.027,-0.027,-0.012,-0.011,-0.024,-0.023
405.65,-0.014,-0.031,-0.027,-0.008,-0.014,-0.023,-0.021
405.7,-0.012,-0.031,-0.027,-0.006,-0.014,-0.021,-0.023
405.75,-0.012,-0.032,-0.027,-0.006,-0.014,-0.021,-0.023
405.8,-0.014,-0.029,-0.024,-0.009,-0.012,-0.021,-0.024
405.85,-0.014,-0.026,-0.023,-0.011,-0.015,-0.017,-0.027
405.9,-0.012,-0.024,-0.029,-0.003,-0.017,-0.017,-0.029
405.95,-0.014,-0.018,-0.029,0.002,-0.018,-0.012,-0.027
406,-0.017,-0.011,-0.023,-0.003,-0.017,-0.012,-0.027
406.05,-0.018,-0.009,-0.018,-0.008,-0.012,-0.015,-0.029
406.1,-0.02,-0.008,-0.015,-0.009,-0.015,-0.012,-0.023
406.15,-0.02,-0.008,-0.021,-0.008,-0.011,-0.015,-0.021
406.2,-0.021,-0.008,-0.021,-0.006,-0.005,-0.015,-0.012
406.25,-0.021,-0.008,-0.018,-0.008,-0.005,-0.018,-0.014
406.3,-0.018,-0.014,-0.012,-0.012,-0.008,-0.015,-0.014
406.35,-0.018,-0.017,-0.011,-0.011,-0.008,-0.018,-0.011
406.4,-0.015,-0.02,-0.012,-0.008,-0.009,-0.021,-0.012
406.45,-0.017,-0.02,-0.014,-0.003,-0.011,-0.023,-0.011
406.5,-0.015,-0.023,-0.015,-0.006,-0.009,-0.029,-0.012
406.55,-0.015,-0.02,-0.009,-0.008,-0.017,-0.026,-0.017
406.6,-0.014,-0.021,-0.009,-0.011,-0.021,-0.026,-0.017
406.65,-0.012,-0.023,-0.012,-0.006,-0.021,-0.024,-0.012
406.7,-0.017,-0.023,-0.012,-0.006,-0.015,-0.024,-0.014
406.75,-0.018,-0.02,-0.017,-0.014,-0.015,-0.027,-0.015
406.8,-0.017,-0.021,-0.018,-0.015,-0.014,-0.027,-0.012
406.85,-0.017,-0.02,-0.018,-0.014,-0.012,-0.026,-0.012
406.9,-0.017,-0.017,-0.021,-0.011,-0.014,-0.021,-0.012
406.95,-0.018,-0.018,-0.021,-0.015,-0.012,-0.02,-0.008
407,-0.02,-0.017,-0.02,-0.014,-0.014,-0.015,-0.012
407.05,-0.023,-0.017,-0.017,-0.02,-0.009,-0.017,-0.011
407.1,-0.02,-0.017,-0.024,-0.017,-0.012,-0.015,-0.009
407.15,-0.017,-0.018,-0.02,-0.015,-0.017,-0.015,-0.012
407.2,-0.015,-0.018,-0.017,-0.014,-0.017,-0.012,-0.014
407.25,-0.014,-0.021,-0.018,-0.02,-0.021,-0.012,-0.015
407.3,-0.015,-0.023,-0.015,-0.021,-0.023,-0.015,-0.018
407.35,-0.015,-0.023,-0.015,-0.018,-0.021,-0.018,-0.021
407.4,-0.011,-0.023,-0.015,-0.018,-0.026,-0.02,-0.023
407.45,-0.006,-0.023,-0.018,-0.017,-0.032,-0.02,-0.027
407.5,-0.008,-0.023,-0.012,-0.02,-0.032,-0.021,-0.027
407.55,-0.006,-0.021,-0.014,-0.021,-0.032,-0.021,-0.023
407.6,-0.012,-0.02,-0.014,-0.026,-0.032,-0.024,-0.024
407.65,-0.012,-0.017,-0.011,-0.023,-0.027,-0.024,-0.026
407.7,-0.011,-0.014,-0.011,-0.026,-0.026,-0.024,-0.023
407.75,-0.009,-0.012,-0.017,-0.027,-0.024,-0.024,-0.021
407.8,-0.011,-0.014,-0.02,-0.026,-0.021,-0.027,-0.02
407.85,-0.011,-0.015,-0.02,-0.024,-0.015,-0.027,-0.018
407.9,-0.011,-0.012,-0.02,-0.02,-0.014,-0.027,-0.021
407.95,-0.011,-0.014,-0.021,-0.021,-0.009,-0.027,-0.021
408,-0.006,-0.014,-0.023,-0.02,-0.011,-0.026,-0.018
408.05,-0.009,-0.015,-0.023,-0.02,-0.015,-0.027,-0.017
408.1,-0.011,-0.017,-0.023,-0.017,-0.015,-0.026,-0.02
408.15,-0.012,-0.017,-0.02,-0.015,-0.017,-0.023,-0.021
408.2,-0.009,-0.017,-0.018,-0.014,-0.015,-0.02,-0.021
408.25,-0.009,-0.014,-0.015,-0.015,-0.017,-0.018,-0.017
408.3,-0.011,-0.015,-0.012,-0.015,-0.02,-0.021,-0.015
408.35,-0.011,-0.012,-0.012,-0.009,-0.02,-0.017,-0.015
408.4,-0.012,-0.015,-0.014,-0.009,-0.018,-0.018,-0.02
408.45,-0.008,-0.011,-0.021,-0.006,-0.02,-0.017,-0.02
408.5,-0.008,-0.009,-0.018,-0.008,-0.02,-0.015,-0.015
408.55,-0.008,-0.008,-0.021,-0.005,-0.017,-0.02,-0.015
408.6,-0.014,-0.009,-0.023,-0.006,-0.023,-0.018,-0.014
408.65,-0.014,-0.009,-0.023,-0.005,-0.023,-0.024,-0.017
408.7,-0.012,-0.011,-0.026,-0.005,-0.02,-0.021,-0.017
408.75,-0.009,-0.012,-0.027,-0.008,-0.023,-0.023,-0.02
408.8,-0.009,-0.011,-0.026,-0.008,-0.026,-0.023,-0.018
408.85,-0.012,-0.009,-0.02,-0.009,-0.023,-0.021,-0.018
408.9,-0.011,-0.011,-0.02,-0.009,-0.023,-0.021,-0.023
408.95,-0.011,-0.012,-0.014,-0.014,-0.023,-0.021,-0.018
409,-0.011,-0.011,-0.012,-0.012,-0.02,-0.02,-0.02
409.05,-0.014,-0.012,-0.017,-0.014,-0.021,-0.014,-0.02
409.1,-0.014,-0.012,-0.02,-0.017,-0.021,-0.014,-0.02
409.15,-0.015,-0.012,-0.015,-0.018,-0.018,-0.012,-0.017
409.2,-0.02,-0.012,-0.018,-0.018,-0.018,-0.009,-0.018
409.25,-0.021,-0.021,-0.018,-0.018,-0.015,-0.009,-0.017
409.3,-0.024,-0.02,-0.018,-0.018,-0.02,-0.015,-0.012
409.35,-0.018,-0.018,-0.023,-0.018,-0.023,-0.011,-0.015
409.4,-0.015,-0.02,-0.024,-0.021,-0.021,-0.011,-0.015
409.45,-0.012,-0.018,-0.024,-0.024,-0.017,-0.012,-0.017
409.5,-0.014,-0.017,-0.021,-0.024,-0.017,-0.009,-0.018
409.55,-0.014,-0.015,-0.02,-0.024,-0.023,-0.011,-0.02
409.6,-0.009,-0.015,-0.02,-0.029,-0.021,-0.012,-0.02
409.65,-0.008,-0.011,-0.021,-0.027,-0.023,-0.014,-0.024
409.7,-0.008,-0.012,-0.023,-0.023,-0.018,-0.008,-0.026
409.75,-0.012,-0.009,-0.02,-0.023,-0.018,-0.012,-0.02
409.8,-0.012,-0.008,-0.018,-0.018,-0.017,-0.011,-0.021
409.85,-0.009,-0.009,-0.017,-0.015,-0.018,-0.009,-0.018
409.9,-0.008,-0.009,-0.018,-0.012,-0.015,-0.011,-0.018
409.95,-0.006,-0.009,-0.018,-0.009,-0.012,-0.006,-0.017
410,-0.006,-0.009,-0.017,-0.003,-0.011,-0.005,-0.015
