462,-0.002,-0.003,-0.003,-0.003,-0.003,-0.002,-0.003
462.05,-0.002,-0.003,-0.003,-0.003,-0.003,-0.002,-0.003
462.1,-0.002,-0.003,-0.003,-0.003,-0.003,-0.002,-0.003
462.15,-0.002,-0.003,-0.003,-0.003,-0.003,-0.002,-0.003
462.2,-0.002,-0.003,-0.003,-0.003,-0.003,-0.002,-0.003
462.25,-0.002,-0.003,-0.003,-0.003,-0.003,-0.002,-0.003
462.3,-0.002,-0.003,-0.003,-0.002,-0.003,-0.002,-0.003
462.35,-0.002,-0.003,-0.003,-0.002,-0.003,-0.002,-0.003
462.4,-0.002,-0.003,-0.003,-0.002,-0.003,-0.002,-0.003
462.45,-0.002,-0.003,-0.003,-0.002,-0.003,-0.002,-0.003
462.5,-0.002,-0.003,-0.003,-0.002,-0.003,-0.002,-0.003
462.55,-0.002,-0.003,-0.003,-0.002,-0.003,-0.002,-0.003
462.6,-0.002,-0.003,-0.003,-0.002,-0.003,-0.002,-0.003
462.65,-0.002,-0.003,-0.003,-0.002,-0.003,-0.002,-0.003
462.7,-0.002,-0.003,-0.003,-0.002,-0.003,-0.002,-0.003
462.75,-0.003,-0.003,-0.003,-0.002,-0.003,-0.002,-0.003
462.8,-0.003,-0.003,-0.003,-0.002,-0.003,-0.002,-0.003
462.85,-0.003,-0.003,-0.003,-0.002,-0.003,-0.002,-0.003
462.9,-0.003,-0.003,-0.003,-0.002,-0.003,-0.002,-0.003
462.95,-0.003,-0.003,-0.003,-0.002,-0.003,-0.002,-0.003
463,-0.003,-0.003,-0.003,-0.002,-0.003,-0.002,-0.003
463.05,-0.003,-0.003,-0.002,-0.002,-0.003,-0.002,-0.003
463.1,-0.003,-0.003,-0.002,-0.002,-0.003,-0.002,-0.003
463.15,-0.003,-0.003,-0.002,-0.002,-0.003,-0.002,-0.003
463.2,-0.003,-0.002,-0.002,-0.002,-0.003,-0.002,-0.003
463.25,-0.003,-0.002,-0.002,-0.002,-0.003,-0.002,-0.003
463.3,-0.003,-0.002,-0.002,-0.002,-0.003,-0.002,-0.003
463.35,-0.003,-0.002,-0.002,-0.002,-0.003,-0.002,-0.002
463.4,-0.003,-0.002,-0.002,-0.002,-0.003,-0.002,-0.002
463.45,-0.003,-0.002,-0.002,-0.002,-0.003,-0.002,-0.002
463.5,-0.003,-0.002,-0.002,-0.002,-0.003,-0.002,-0.002
463.55,-0.002,-0.002,-0.002,-0.002,-0.003,-0.002,-0.002
463.6,-0.002,-0.002,-0.002,-0.002,-0.003,-0.002,-0.002
463.65,-0.002,-0.002,-0.002,-0.002,-0.003,-0.002,-0.002
463.7,-0.002,-0.002,-0.002,-0.002,-0.003,-0.002,-0.002
463.75,-0.002,-0.002,-0.002,-0.002,-0.003,-0.002,-0.002
463.8,-0.002,-0.002,-0.002,-0.002,-0.003,-0.002,-0.002
463.85,-0.002,-0.002,-0.002,-0.002,-0.003,-0.002,-0.002
463.9,-0.002,-0.002,-0.002,-0.002,-0.003,-0.002,-0.002
463.95,-0.002,-0.002,-0.002,-0.002,-0.003,-0.002,-0.002
464,-0.002,-0.002,-0.002,-0.002,-0.003,-0.002,-0.002
464.05,-0.002,-0.002,-0.002,-0.002,-0.003,-0.002,-0.002
464.1,-0.002,-0.002,-0.002,-0.002,-0.003,-0.002,-0.002
464.15,-0.002,-0.002,-0.002,-0.002,-0.003,-0.002,-0.002
464.2,-0.002,-0.002,-0.002,-0.002,-0.003,-0.002,-0.002
464.25,-0.002,-0.002,-0.002,-0.002,-0.003,-0.002,-0.002
464.3,-0.002,-0.002,-0.002,-0.002,-0.003,-0.002,-0.002
464.35,-0.002,-0.002,-0.002,-0.002,-0.003,-0.002,-0.002
464.4,-0.002,-0.002,-0.002,-0.002,-0.002,-0.002,-0.002
464.45,-0.002,0,-0.002,-0.002,-0.002,-0.002,-0.002
464.5,-0.002,0,-0.002,-0.002,-0.002,-0.002,-0.002
464.55,-0.002,0,-0.002,-0.002,-0.002,-0.002,-0.002
464.6,-0.002,0,0,-0.002,-0.002,-0.002,-0.002
464.65,-0.002,0,0,-0.002,-0.002,-0.002,-0.002
464.7,-0.002,0,0,-0.002,-0.002,-0.002,-0.002
464.75,-0.002,0,0,-0.002,-0.002,-0.002,-0.002
464.8,-0.002,0,0,-0.002,-0.002,-0.002,-0.002
464.85,-0.002,0,0,-0.002,-0.002,-0.002,-0.002
464.9,-0.002,0,0,-0.002,-0.002,-0.002,-0.002
464.95,-0.002,0,0,-0.002,-0.002,-0.002,-0.002
465,-0.002,0,0,-0.002,-0.002,-0.002,-0.002
465.05,-0.002,0,0,-0.002,-0.002,-0.002,-0.002
465.1,-0.002,0,0,-0.002,-0.002,-0.002,-0.002
465.15,-0.002,0,0,-0.002,-0.002,-0.002,0
465.2,0,0,0,-0.002,-0.002,-0.002,0
465.25,0,0,0,-0.002,-0.002,-0.002,0
465.3,0,0,0,-0.002,-0.002,-0.002,0
465.35,0,0.002,0,0,-0.002,-0.002,0
465.4,0,0.002,0,0,0,-0.002,0
465.45,0,0.002,0,0,0,-0.002,0
465.5,0,0.002,0,0,0,-0.002,0
465.55,0,0.002,0.002,0,0,0,0
465.6,0,0.002,0.002,0,0,0,0
465.65,0,0.002,0.002,0,0,0,0
465.7,0,0.003,0.002,0,0,0,0
465.75,0,0.003,0.002,0,0,0,0
465.8,0,0.003,0.002,0,0,0,0
465.85,0,0.003,0.003,0,0,0,0
465.9,0,0.003,0.003,0,0,0,0.002
465.95,0,0.005,0.003,0,0,0,0.002
466,0,0.005,0.003,0,0.002,0,0.002
466.05,0,0.005,0.003,0,0.002,0,0.002
466.1,0,0.005,0.005,0,0.002,0,0.002
466.15,0,0.005,0.005,0,0.002,0,0.002
466.2,0,0.006,0.005,0,0.002,0,0.003
466.25,0,0.006,0.005,0.002,0.002,0,0.003
466.3,0,0.006,0.005,0.002,0.002,0,0.003
466.35,0,0.006,0.006,0.002,0.002,0,0.003
466.4,0.002,0.006,0.006,0.002,0.003,0,0.003
466.45,0.002,0.008,0.006,0.002,0.003,0,0.003
466.5,0.002,0.008,0.006,0.002,0.003,0,0.005
466.55,0.002,0.008,0.006,0.002,0.003,0,0.005
466.6,0.002,0.008,0.008,0.002,0.003,0,0.005
466.65,0.002,0.009,0.008,0.003,0.005,0.002,0.005
466.7,0.002,0.009,0.008,0.003,0.005,0.002,0.005
466.75,0.002,0.009,0.009,0.003,0.005,0.002,0.006
466.8,0.002,0.011,0.009,0.003,0.005,0.002,0.006
466.85,0.003,0.011,0.009,0.003,0.005,0.002,0.006
466.9,0.003,0.012,0.011,0.003,0.006,0.002,0.006
466.95,0.003,0.012,0.011,0.005,0.006,0.002,0.006
467,0.003,0.012,0.011,0.005,0.006,0.002,0.008
467.05,0.003,0.014,0.011,0.005,0.006,0.003,0.008
467.1,0.003,0.014,0.012,0.005,0.006,0.003,0.008
467.15,0.005,0.014,0.012,0.005,0.008,0.003,0.009
467.2,0.005,0.015,0.014,0.006,0.008,0.003,0.009
467.25,0.005,0.015,0.014,0.006,0.008,0.003,0.009
467.3,0.005,0.017,0.014,0.006,0.009,0.005,0.011
467.35,0.005,0.017,0.014,0.006,0.009,0.005,0.011
467.4,0.006,0.017,0.015,0.006,0.009,0.005,0.011
467.45,0.006,0.018,0.015,0.008,0.011,0.005,0.012
467.5,0.006,0.018,0.017,0.008,0.011,0.005,0.012
467.55,0.006,0.02,0.017,0.008,0.011,0.006,0.012
467.6,0.006,0.02,0.017,0.008,0.012,0.006,0.014
467.65,0.008,0.021,0.018,0.009,0.012,0.006,0.014
467.7,0.008,0.021,0.018,0.009,0.012,0.006,0.014
467.75,0.008,0.023,0.02,0.009,0.014,0.006,0.014
467.8,0.008,0.023,0.02,0.011,0.014,0.008,0.015
467.85,0.009,0.024,0.021,0.011,0.015,0.008,0.015
467.9,0.009,0.024,0.021,0.011,0.015,0.008,0.017
467.95,0.009,0.026,0.023,0.012,0.015,0.008,0.017
468,0.011,0.027,0.023,0.012,0.017,0.009,0.017
468.05,0.011,0.027,0.024,0.014,0.017,0.009,0.018
468.1,0.011,0.029,0.026,0.014,0.018,0.009,0.018
468.15,0.012,0.031,0.026,0.014,0.018,0.011,0.02
468.2,0.012,0.031,0.027,0.014,0.02,0.011,0.02
468.25,0.014,0.032,0.029,0.015,0.02,0.011,0.021
468.3,0.014,0.034,0.029,0.015,0.021,0.012,0.021
468.35,0.014,0.034,0.031,0.017,0.021,0.012,0.023
468.4,0.015,0.035,0.031,0.017,0.023,0.014,0.023
468.45,0.015,0.037,0.032,0.017,0.023,0.014,0.024
468.5,0.015,0.037,0.034,0.018,0.024,0.014,0.026
468.55,0.017,0.038,0.035,0.018,0.026,0.014,0.026
468.6,0.017,0.04,0.035,0.02,0.026,0.015,0.027
468.65,0.017,0.041,0.037,0.02,0.027,0.015,0.029
468.7,0.018,0.043,0.038,0.021,0.029,0.017,0.029
468.75,0.018,0.044,0.04,0.021,0.029,0.017,0.031
468.8,0.02,0.046,0.041,0.023,0.031,0.017,0.032
468.85,0.02,0.047,0.041,0.023,0.032,0.018,0.032
468.9,0.021,0.049,0.043,0.024,0.032,0.018,0.034
468.95,0.021,0.05,0.044,0.026,0.034,0.02,0.035
469,0.023,0.052,0.046,0.026,0.035,0.02,0.035
469.05,0.023,0.053,0.047,0.027,0.037,0.021,0.037
469.1,0.024,0.055,0.049,0.027,0.037,0.021,0.038
469.15,0.026,0.056,0.05,0.029,0.038,0.023,0.04
469.2,0.026,0.058,0.052,0.031,0.04,0.023,0.04
469.25,0.027,0.06,0.053,0.031,0.041,0.024,0.041
469.3,0.027,0.061,0.055,0.032,0.043,0.024,0.043
469.35,0.029,0.063,0.056,0.034,0.043,0.026,0.044
469.4,0.029,0.066,0.06,0.035,0.044,0.026,0.046
469.45,0.031,0.067,0.061,0.035,0.046,0.027,0.047
469.5,0.032,0.069,0.063,0.037,0.047,0.029,0.049
469.55,0.034,0.072,0.064,0.038,0.049,0.029,0.05
469.6,0.034,0.073,0.067,0.04,0.05,0.031,0.052
469.65,0.035,0.076,0.069,0.041,0.052,0.032,0.053
469.7,0.037,0.078,0.07,0.041,0.053,0.032,0.056
469.75,0.038,0.081,0.073,0.043,0.056,0.034,0.058
469.8,0.038,0.082,0.075,0.044,0.058,0.035,0.06
469.85,0.04,0.085,0.076,0.046,0.06,0.037,0.061
469.9,0.041,0.087,0.079,0.047,0.061,0.037,0.063
469.95,0.043,0.09,0.081,0.049,0.063,0.038,0.064
470,0.044,0.093,0.084,0.05,0.066,0.04,0.067
470.05,0.046,0.096,0.087,0.052,0.067,0.041,0.069
470.1,0.047,0.099,0.089,0.053,0.069,0.043,0.07
470.15,0.049,0.101,0.092,0.055,0.072,0.044,0.073
470.2,0.05,0.104,0.095,0.056,0.073,0.046,0.075
470.25,0.052,0.107,0.098,0.058,0.075,0.047,0.078
470.3,0.053,0.11,0.099,0.061,0.078,0.049,0.079
470.35,0.055,0.114,0.102,0.063,0.079,0.05,0.082
470.4,0.056,0.117,0.105,0.064,0.082,0.052,0.084
470.45,0.058,0.121,0.108,0.066,0.084,0.053,0.087
470.5,0.06,0.124,0.111,0.069,0.087,0.055,0.09
470.55,0.061,0.128,0.116,0.07,0.09,0.056,0.093
470.6,0.064,0.131,0.119,0.072,0.093,0.058,0.095
470.65,0.066,0.136,0.122,0.075,0.095,0.061,0.098
470.7,0.067,0.139,0.125,0.076,0.098,0.063,0.101
470.75,0.069,0.143,0.13,0.079,0.101,0.064,0.104
470.8,0.072,0.148,0.133,0.081,0.104,0.066,0.107
470.85,0.073,0.153,0.137,0.084,0.107,0.069,0.11
470.9,0.076,0.156,0.14,0.087,0.11,0.07,0.113
470.95,0.078,0.162,0.145,0.089,0.113,0.072,0.116
471,0.081,0.166,0.148,0.092,0.117,0.075,0.119
471.05,0.082,0.171,0.153,0.095,0.121,0.076,0.124
471.1,0.085,0.175,0.157,0.096,0.124,0.079,0.127
471.15,0.087,0.18,0.162,0.099,0.127,0.081,0.13
471.2,0.09,0.186,0.166,0.102,0.131,0.084,0.134
471.25,0.093,0.191,0.171,0.105,0.136,0.085,0.137
471.3,0.096,0.197,0.175,0.108,0.139,0.089,0.142
471.35,0.098,0.203,0.182,0.111,0.143,0.092,0.146
471.4,0.101,0.209,0.186,0.114,0.146,0.093,0.15
471.45,0.104,0.215,0.192,0.117,0.151,0.096,0.154
471.5,0.107,0.221,0.198,0.122,0.156,0.099,0.159
471.55,0.11,0.227,0.203,0.125,0.16,0.102,0.163
471.6,0.114,0.233,0.209,0.128,0.165,0.105,0.168
471.65,0.117,0.241,0.215,0.133,0.169,0.108,0.172
471.7,0.121,0.247,0.221,0.136,0.174,0.111,0.179
471.75,0.124,0.255,0.227,0.14,0.18,0.114,0.183
471.8,0.128,0.262,0.233,0.145,0.185,0.119,0.188
471.85,0.131,0.269,0.241,0.15,0.189,0.122,0.194
471.9,0.136,0.278,0.247,0.153,0.195,0.125,0.198
471.95,0.139,0.285,0.255,0.157,0.201,0.128,0.204
472,0.143,0.293,0.261,0.162,0.206,0.133,0.211
472.05,0.148,0.302,0.269,0.166,0.212,0.136,0.217
472.1,0.153,0.311,0.276,0.171,0.218,0.14,0.223
472.15,0.156,0.319,0.285,0.177,0.224,0.145,0.229
472.2,0.16,0.328,0.293,0.182,0.23,0.148,0.235
472.25,0.165,0.339,0.301,0.186,0.238,0.153,0.243
472.3,0.171,0.348,0.31,0.192,0.244,0.157,0.249
472.35,0.175,0.359,0.319,0.198,0.252,0.162,0.256
472.4,0.18,0.369,0.328,0.203,0.258,0.166,0.264
472.45,0.186,0.381,0.337,0.209,0.266,0.171,0.27
472.5,0.191,0.394,0.348,0.215,0.273,0.175,0.278
472.55,0.197,0.407,0.359,0.221,0.281,0.182,0.285
472.6,0.201,0.421,0.369,0.227,0.288,0.186,0.294
472.65,0.208,0.436,0.381,0.233,0.296,0.192,0.302
472.7,0.214,0.455,0.395,0.24,0.305,0.197,0.311
472.75,0.22,0.473,0.409,0.247,0.314,0.203,0.32
472.8,0.226,0.494,0.426,0.253,0.323,0.209,0.33
472.85,0.232,0.519,0.444,0.261,0.333,0.214,0.34
472.9,0.238,0.545,0.464,0.269,0.343,0.22,0.351
472.95,0.246,0.575,0.485,0.276,0.354,0.226,0.362
473,0.252,0.607,0.51,0.284,0.366,0.233,0.375
473.05,0.259,0.644,0.537,0.291,0.38,0.24,0.389
473.1,0.266,0.684,0.568,0.301,0.394,0.246,0.404
473.15,0.273,0.728,0.601,0.31,0.409,0.253,0.421
473.2,0.281,0.775,0.639,0.317,0.427,0.259,0.439
473.25,0.29,0.829,0.682,0.328,0.447,0.267,0.462
473.3,0.298,0.885,0.728,0.337,0.47,0.275,0.487
473.35,0.307,0.948,0.777,0.348,0.494,0.282,0.513
473.4,0.314,1.015,0.832,0.359,0.522,0.29,0.543
473.45,0.325,1.086,0.891,0.371,0.554,0.299,0.577
473.5,0.334,1.164,0.955,0.383,0.587,0.307,0.613
473.55,0.345,1.248,1.025,0.397,0.627,0.316,0.655
473.6,0.356,1.338,1.1,0.414,0.668,0.327,0.7
473.65,0.368,1.436,1.181,0.43,0.716,0.336,0.749
473.7,0.38,1.54,1.27,0.45,0.766,0.346,0.803
473.75,0.395,1.649,1.363,0.473,0.821,0.357,0.862
473.8,0.412,1.767,1.463,0.497,0.882,0.369,0.925
473.85,0.429,1.892,1.57,0.525,0.946,0.383,0.995
473.9,0.449,2.025,1.685,0.555,1.018,0.398,1.07
473.95,0.471,2.167,1.807,0.589,1.094,0.414,1.149
474,0.497,2.315,1.936,0.627,1.176,0.432,1.236
474.05,0.525,2.473,2.074,0.668,1.265,0.453,1.329
474.1,0.557,2.638,2.219,0.714,1.36,0.476,1.428
474.15,0.592,2.814,2.373,0.764,1.462,0.502,1.535
474.2,0.63,2.997,2.534,0.818,1.57,0.531,1.648
474.25,0.673,3.189,2.705,0.877,1.686,0.563,1.768
474.3,0.72,3.391,2.885,0.943,1.81,0.598,1.898
474.35,0.771,3.601,3.075,1.013,1.941,0.638,2.034
474.4,0.827,3.821,3.273,1.088,2.08,0.681,2.177
474.45,0.887,4.048,3.479,1.17,2.228,0.728,2.332
474.5,0.952,4.285,3.694,1.256,2.382,0.78,2.492
474.55,1.024,4.532,3.918,1.35,2.547,0.836,2.663
474.6,1.1,4.787,4.152,1.451,2.719,0.897,2.841
474.65,1.184,5.051,4.395,1.558,2.901,0.964,3.027
474.7,1.273,5.324,4.646,1.672,3.091,1.036,3.224
474.75,1.367,5.608,4.907,1.794,3.291,1.114,3.43
474.8,1.469,5.899,5.177,1.924,3.499,1.198,3.644
474.85,1.579,6.201,5.457,2.061,3.717,1.288,3.868
474.9,1.695,6.512,5.745,2.206,3.943,1.384,4.1
474.95,1.817,6.833,6.042,2.362,4.179,1.488,4.341
475,1.949,7.162,6.351,2.525,4.424,1.598,4.591
475.05,2.089,7.501,6.667,2.696,4.677,1.715,4.851
475.1,2.235,7.851,6.993,2.876,4.939,1.84,5.118
475.15,2.393,8.209,7.33,3.065,5.211,1.973,5.397
475.2,2.557,8.578,7.675,3.264,5.492,2.113,5.684
475.25,2.731,8.957,8.031,3.471,5.783,2.263,5.98
475.3,2.913,9.343,8.394,3.687,6.084,2.42,6.287
475.35,3.105,9.741,8.769,3.912,6.393,2.586,6.602
475.4,3.305,10.147,9.154,4.146,6.712,2.762,6.927
475.45,3.516,10.565,9.549,4.39,7.042,2.946,7.263
475.5,3.732,10.991,9.952,4.642,7.379,3.14,7.607
475.55,3.961,11.427,10.367,4.904,7.727,3.342,7.961
475.6,4.198,11.873,10.789,5.176,8.086,3.554,8.325
475.65,4.442,12.328,11.223,5.457,8.453,3.773,8.699
475.7,4.697,12.793,11.667,5.746,8.83,4.002,9.082
475.75,4.961,13.268,12.12,6.047,9.218,4.242,9.476
475.8,5.232,13.751,12.582,6.355,9.615,4.489,9.879
475.85,5.515,14.247,13.055,6.674,10.02,4.745,10.292
475.9,5.806,14.751,13.536,7.002,10.435,5.011,10.713
475.95,6.108,15.263,14.027,7.339,10.863,5.286,11.147
476,6.419,15.787,14.528,7.687,11.298,5.571,11.589
476.05,6.74,16.319,15.041,8.044,11.743,5.864,12.041
476.1,7.069,16.861,15.561,8.411,12.196,6.168,12.503
476.15,7.41,17.412,16.09,8.786,12.662,6.48,12.975
476.2,7.758,17.973,16.631,9.172,13.135,6.802,13.455
476.25,8.115,18.542,17.178,9.569,13.62,7.135,13.947
476.3,8.481,19.121,17.735,9.973,14.113,7.475,14.447
476.35,8.858,19.711,18.301,10.387,14.615,7.826,14.955
476.4,9.245,20.309,18.878,10.811,15.128,8.186,15.474
476.45,9.642,20.917,19.463,11.246,15.649,8.556,16.002
476.5,10.048,21.533,20.058,11.688,16.18,8.934,16.541
476.55,10.464,22.16,20.662,12.141,16.721,9.325,17.085
476.6,10.89,22.795,21.275,12.602,17.27,9.721,17.642
476.65,11.325,23.439,21.899,13.074,17.83,10.13,18.207
476.7,11.769,24.094,22.531,13.556,18.399,10.548,18.781
476.75,12.224,24.757,23.174,14.046,18.976,10.976,19.366
476.8,12.688,25.43,23.827,14.546,19.565,11.414,19.96
476.85,13.161,26.112,24.487,15.057,20.16,11.861,20.564
476.9,13.644,26.804,25.157,15.578,20.767,12.318,21.178
476.95,14.139,27.505,25.838,16.109,21.385,12.785,21.802
477,14.639,28.215,26.526,16.65,22.012,13.261,22.435
477.05,15.152,28.937,27.223,17.2,22.649,13.748,23.076
477.1,15.675,29.665,27.93,17.758,23.294,14.243,23.727
477.15,16.206,30.402,28.645,18.327,23.949,14.748,24.391
477.2,16.748,31.149,29.372,18.906,24.612,15.26,25.061
477.25,17.299,31.905,30.106,19.493,25.287,15.785,25.742
477.3,17.86,32.671,30.849,20.09,25.97,16.319,26.433
477.35,18.433,33.443,31.602,20.695,26.662,16.862,27.13
477.4,19.014,34.222,32.362,21.31,27.362,17.415,27.837
477.45,19.604,35.01,33.133,21.936,28.073,17.978,28.554
477.5,20.203,35.805,33.91,22.571,28.792,18.552,29.279
477.55,20.813,36.606,34.695,23.216,29.521,19.133,30.014
477.6,21.431,37.413,35.487,23.872,30.26,19.725,30.759
477.65,22.06,38.225,36.285,24.536,31.007,20.326,31.511
477.7,22.697,39.043,37.093,25.212,31.764,20.937,32.271
477.75,23.344,39.868,37.904,25.894,32.532,21.556,33.04
477.8,24.001,40.695,38.722,26.588,33.305,22.185,33.817
477.85,24.667,41.527,39.546,27.29,34.087,22.823,34.604
477.9,25.343,42.36,40.373,28.003,34.877,23.47,35.397
477.95,26.03,43.196,41.205,28.725,35.674,24.13,36.198
478,26.727,44.034,42.041,29.454,36.479,24.799,37.007
478.05,27.434,44.875,42.879,30.194,37.291,25.478,37.82
478.1,28.149,45.718,43.721,30.943,38.11,26.167,38.643
478.15,28.874,46.564,44.565,31.702,38.933,26.865,39.47
478.2,29.608,47.411,45.41,32.469,39.76,27.571,40.298
478.25,30.35,48.257,46.254,33.246,40.591,28.288,41.133
478.3,31.1,49.101,47.099,34.029,41.426,29.013,41.971
478.35,31.862,49.945,47.946,34.822,42.267,29.747,42.81
478.4,32.629,50.789,48.792,35.62,43.111,30.489,43.651
478.45,33.406,51.631,49.637,36.427,43.953,31.241,44.495
478.5,34.19,52.467,50.481,37.238,44.797,32.001,45.34
478.55,34.981,53.3,51.321,38.052,45.641,32.768,46.187
478.6,35.777,54.129,52.159,38.873,46.486,33.546,47.032
478.65,36.581,54.953,52.994,39.7,47.331,34.329,47.879
478.7,37.39,55.769,53.827,40.532,48.177,35.12,48.724
478.75,38.203,56.583,54.654,41.364,49.02,35.918,49.565
478.8,39.021,57.388,55.476,42.198,49.864,36.722,50.407
478.85,39.842,58.191,56.294,43.037,50.705,37.531,51.247
478.9,40.668,58.986,57.106,43.877,51.543,38.344,52.083
478.95,41.496,59.773,57.912,44.719,52.382,39.162,52.917
479,42.326,60.553,58.71,45.561,53.215,39.983,53.749
479.05,43.163,61.33,59.502,46.404,54.045,40.808,54.575
479.1,43.999,62.094,60.287,47.246,54.869,41.637,55.394
479.15,44.836,62.854,61.066,48.09,55.687,42.467,56.21
479.2,45.674,63.605,61.836,48.93,56.503,43.3,57.019
479.25,46.516,64.351,62.601,49.771,57.314,44.136,57.825
479.3,47.357,65.088,63.354,50.61,58.118,44.975,58.626
479.35,48.199,65.816,64.102,51.448,58.913,45.815,59.418
479.4,49.04,66.537,64.845,52.281,59.702,46.657,60.204
479.45,49.878,67.252,65.579,53.113,60.486,47.501,60.982
479.5,50.714,67.961,66.306,53.941,61.263,48.341,61.754
479.55,51.547,68.658,67.024,54.765,62.032,49.182,62.52
479.6,52.377,69.35,67.735,55.586,62.793,50.021,63.277
479.65,53.204,70.032,68.439,56.403,63.548,50.858,64.026
479.7,54.028,70.705,69.135,57.214,64.296,51.692,64.769
479.75,54.851,71.37,69.821,58.02,65.036,52.524,65.503
479.8,55.669,72.025,70.499,58.82,65.768,53.352,66.231
479.85,56.48,72.668,71.172,59.612,66.493,54.175,66.951
479.9,57.289,73.308,71.834,60.397,67.21,54.997,67.664
479.95,58.092,73.94,72.485,61.176,67.918,55.815,68.372
480,58.89,74.559,73.129,61.949,68.62,56.628,69.069
480.05,59.68,75.168,73.767,62.714,69.315,57.436,69.757
480.1,60.464,75.772,74.396,63.472,70.003,58.238,70.436
480.15,61.24,76.369,75.015,64.224,70.683,59.033,71.109
480.2,62.01,76.956,75.626,64.969,71.355,59.822,71.776
480.25,62.773,77.533,76.227,65.703,72.018,60.605,72.433
480.3,63.533,78.107,76.82,66.431,72.675,61.383,73.08
480.35,64.282,78.667,77.403,67.152,73.322,62.154,73.724
480.4,65.027,79.221,77.98,67.87,73.959,62.92,74.356
480.45,65.765,79.764,78.545,68.579,74.588,63.678,74.977
480.5,66.498,80.299,79.103,69.286,75.211,64.429,75.592
480.55,67.223,80.827,79.654,69.98,75.821,65.175,76.201
480.6,67.941,81.346,80.194,70.668,76.425,65.912,76.801
480.65,68.649,81.853,80.725,71.349,77.022,66.643,77.393
480.7,69.353,82.353,81.247,72.02,77.609,67.368,77.974
480.75,70.045,82.845,81.761,72.681,78.189,68.085,78.548
480.8,70.732,83.325,82.268,73.335,78.757,68.796,79.111
480.85,71.408,83.794,82.762,73.979,79.315,69.496,79.666
480.9,72.076,84.258,83.249,74.615,79.865,70.19,80.211
480.95,72.734,84.712,83.725,75.243,80.406,70.876,80.746
481,73.386,85.156,84.19,75.864,80.939,71.553,81.274
481.05,74.03,85.59,84.647,76.471,81.462,72.221,81.792
481.1,74.666,86.014,85.094,77.071,81.976,72.882,82.3
481.15,75.291,86.429,85.532,77.663,82.48,73.532,82.796
481.2,75.909,86.835,85.96,78.244,82.973,74.173,83.284
481.25,76.518,87.233,86.378,78.816,83.456,74.806,83.763
481.3,77.119,87.619,86.787,79.381,83.932,75.433,84.232
481.35,77.71,87.996,87.192,79.936,84.399,76.051,84.694
481.4,78.291,88.365,87.582,80.481,84.857,76.659,85.144
481.45,78.862,88.725,87.964,81.018,85.304,77.26,85.587
481.5,79.424,89.075,88.338,81.546,85.742,77.847,86.018
481.55,79.976,89.413,88.701,82.063,86.171,78.427,86.441
481.6,80.521,89.743,89.056,82.571,86.589,78.998,86.856
481.65,81.055,90.065,89.4,83.069,87,79.561,87.259
481.7,81.58,90.373,89.732,83.557,87.401,80.112,87.653
481.75,82.097,90.674,90.057,84.036,87.791,80.655,88.037
481.8,82.603,90.967,90.372,84.508,88.173,81.189,88.411
481.85,83.099,91.251,90.678,84.972,88.544,81.714,88.774
481.9,83.589,91.524,90.973,85.422,88.904,82.228,89.13
481.95,84.07,91.785,91.26,85.866,89.255,82.735,89.476
482,84.538,92.038,91.537,86.298,89.598,83.232,89.812
482.05,84.998,92.285,91.806,86.72,89.934,83.72,90.138
482.1,85.446,92.517,92.062,87.128,90.256,84.198,90.457
482.15,85.884,92.737,92.308,87.534,90.57,84.665,90.764
482.2,86.313,92.952,92.543,87.927,90.874,85.124,91.061
482.25,86.736,93.161,92.772,88.312,91.17,85.573,91.35
482.3,87.146,93.356,92.992,88.686,91.457,86.011,91.628
482.35,87.549,93.546,93.201,89.052,91.734,86.441,91.898
482.4,87.944,93.726,93.402,89.409,92.003,86.862,92.155
482.45,88.329,93.896,93.596,89.755,92.261,87.276,92.406
482.5,88.704,94.061,93.781,90.092,92.509,87.677,92.647
482.55,89.069,94.214,93.954,90.422,92.749,88.071,92.88
482.6,89.426,94.362,94.122,90.739,92.976,88.455,93.1
482.65,89.771,94.504,94.279,91.048,93.198,88.829,93.315
482.7,90.109,94.638,94.432,91.348,93.407,89.195,93.52
482.75,90.439,94.765,94.577,91.637,93.607,89.552,93.715
482.8,90.758,94.887,94.713,91.916,93.799,89.897,93.901
482.85,91.066,95,94.841,92.186,93.983,90.233,94.08
482.9,91.364,95.107,94.965,92.447,94.157,90.561,94.249
482.95,91.652,95.207,95.076,92.697,94.324,90.878,94.409
483,91.93,95.303,95.184,92.94,94.481,91.187,94.562
483.05,92.201,95.392,95.287,93.172,94.633,91.483,94.707
483.1,92.459,95.479,95.383,93.391,94.774,91.771,94.846
483.15,92.708,95.557,95.473,93.604,94.908,92.05,94.975
483.2,92.947,95.636,95.558,93.808,95.038,92.319,95.097
483.25,93.179,95.706,95.639,94.005,95.161,92.578,95.218
483.3,93.401,95.775,95.715,94.189,95.276,92.828,95.329
483.35,93.614,95.839,95.787,94.363,95.383,93.069,95.436
483.4,93.817,95.897,95.853,94.533,95.488,93.3,95.538
483.45,94.014,95.952,95.917,94.693,95.586,93.523,95.634
483.5,94.196,96.004,95.978,94.847,95.679,93.736,95.724
483.55,94.371,96.057,96.034,94.992,95.766,93.936,95.808
483.6,94.539,96.104,96.086,95.129,95.847,94.128,95.888
483.65,94.702,96.147,96.132,95.259,95.921,94.312,95.961
483.7,94.853,96.191,96.179,95.384,95.995,94.489,96.03
483.75,95,96.234,96.225,95.499,96.065,94.658,96.094
483.8,95.137,96.271,96.268,95.609,96.127,94.818,96.156
483.85,95.267,96.306,96.309,95.712,96.185,94.972,96.213
483.9,95.392,96.342,96.347,95.811,96.239,95.119,96.269
483.95,95.509,96.376,96.381,95.903,96.289,95.255,96.321
484,95.618,96.41,96.414,95.988,96.335,95.381,96.37
484.05,95.72,96.442,96.445,96.069,96.384,95.503,96.413
484.1,95.816,96.471,96.475,96.146,96.426,95.618,96.454
484.15,95.909,96.5,96.506,96.217,96.466,95.726,96.495
484.2,95.996,96.527,96.535,96.284,96.506,95.828,96.535
484.25,96.08,96.55,96.564,96.346,96.541,95.924,96.57
484.3,96.158,96.574,96.59,96.407,96.579,96.016,96.603
484.35,96.23,96.599,96.613,96.46,96.616,96.1,96.637
484.4,96.297,96.622,96.638,96.51,96.651,96.182,96.669
484.45,96.358,96.645,96.661,96.559,96.68,96.257,96.7
484.5,96.417,96.666,96.686,96.603,96.709,96.326,96.729
484.55,96.472,96.687,96.706,96.645,96.738,96.393,96.758
484.6,96.526,96.707,96.725,96.684,96.765,96.455,96.788
484.65,96.574,96.727,96.747,96.722,96.79,96.515,96.814
484.7,96.62,96.744,96.768,96.762,96.819,96.574,96.841
484.75,96.664,96.762,96.788,96.797,96.843,96.623,96.866
484.8,96.704,96.779,96.803,96.828,96.867,96.671,96.887
484.85,96.742,96.794,96.82,96.858,96.886,96.715,96.909
484.9,96.78,96.811,96.838,96.892,96.909,96.759,96.93
484.95,96.815,96.825,96.854,96.924,96.927,96.799,96.951
485,96.852,96.841,96.869,96.948,96.947,96.838,96.967
485.05,96.884,96.855,96.886,96.973,96.964,96.872,96.986
485.1,96.919,96.872,96.899,96.997,96.982,96.907,97.005
485.15,96.951,96.884,96.912,97.02,96.997,96.942,97.023
485.2,96.98,96.899,96.925,97.041,97.017,96.976,97.04
485.25,97.006,96.913,96.944,97.064,97.034,97.008,97.057
485.3,97.037,96.927,96.954,97.084,97.05,97.037,97.073
485.35,97.064,96.941,96.97,97.101,97.064,97.067,97.089
485.4,97.089,96.956,96.983,97.118,97.081,97.095,97.104
485.45,97.115,96.97,96.996,97.136,97.098,97.122,97.118
485.5,97.136,96.982,97.006,97.153,97.113,97.147,97.131
485.55,97.157,96.992,97.02,97.169,97.13,97.173,97.145
485.6,97.18,97.006,97.032,97.183,97.144,97.198,97.159
485.65,97.202,97.021,97.046,97.198,97.156,97.218,97.176
485.7,97.224,97.034,97.057,97.214,97.169,97.24,97.189
485.75,97.241,97.044,97.066,97.226,97.182,97.261,97.2
485.8,97.258,97.058,97.078,97.238,97.194,97.279,97.212
485.85,97.273,97.067,97.089,97.252,97.205,97.298,97.223
485.9,97.287,97.078,97.099,97.264,97.215,97.314,97.238
485.95,97.304,97.089,97.11,97.278,97.226,97.333,97.247
486,97.318,97.098,97.119,97.29,97.235,97.346,97.26
486.05,97.334,97.107,97.131,97.302,97.246,97.363,97.269
486.1,97.35,97.116,97.139,97.314,97.256,97.374,97.279
486.15,97.363,97.125,97.148,97.322,97.267,97.388,97.29
486.2,97.375,97.133,97.157,97.331,97.279,97.4,97.301
486.25,97.388,97.141,97.163,97.34,97.289,97.411,97.31
486.3,97.4,97.148,97.168,97.35,97.298,97.42,97.318
486.35,97.415,97.153,97.174,97.359,97.307,97.433,97.327
486.4,97.43,97.16,97.177,97.366,97.314,97.444,97.337
486.45,97.443,97.168,97.185,97.374,97.324,97.455,97.346
486.5,97.453,97.176,97.191,97.382,97.33,97.467,97.356
486.55,97.466,97.183,97.195,97.386,97.337,97.476,97.36
486.6,97.473,97.189,97.198,97.394,97.34,97.487,97.372
486.65,97.485,97.195,97.205,97.401,97.348,97.496,97.377
486.7,97.491,97.2,97.209,97.409,97.353,97.504,97.38
486.75,97.501,97.208,97.212,97.417,97.359,97.511,97.385
486.8,97.51,97.212,97.215,97.423,97.362,97.519,97.392
486.85,97.519,97.217,97.217,97.426,97.366,97.523,97.397
486.9,97.525,97.22,97.221,97.432,97.369,97.531,97.401
486.95,97.531,97.223,97.223,97.438,97.372,97.536,97.406
487,97.536,97.224,97.223,97.443,97.374,97.54,97.411
487.05,97.542,97.227,97.226,97.449,97.377,97.545,97.415
487.1,97.546,97.231,97.232,97.45,97.379,97.549,97.417
487.15,97.551,97.232,97.232,97.452,97.382,97.554,97.423
487.2,97.554,97.231,97.234,97.456,97.385,97.559,97.423
487.25,97.562,97.227,97.234,97.459,97.389,97.563,97.424
487.3,97.563,97.229,97.237,97.459,97.389,97.568,97.426
487.35,97.569,97.234,97.24,97.462,97.389,97.572,97.429
487.4,97.574,97.234,97.24,97.461,97.394,97.575,97.432
487.45,97.577,97.237,97.24,97.464,97.397,97.578,97.435
487.5,97.583,97.237,97.238,97.464,97.395,97.581,97.437
487.55,97.585,97.237,97.237,97.462,97.395,97.585,97.44
487.6,97.588,97.238,97.237,97.464,97.395,97.586,97.441
487.65,97.592,97.238,97.237,97.461,97.397,97.588,97.443
487.7,97.594,97.24,97.235,97.459,97.395,97.592,97.443
487.75,97.595,97.243,97.237,97.459,97.395,97.592,97.444
487.8,97.6,97.241,97.238,97.459,97.395,97.594,97.443
487.85,97.601,97.243,97.235,97.459,97.394,97.597,97.443
487.9,97.604,97.246,97.237,97.456,97.394,97.594,97.444
487.95,97.604,97.249,97.235,97.456,97.392,97.594,97.444
488,97.603,97.247,97.238,97.456,97.391,97.594,97.443
488.05,97.603,97.247,97.235,97.453,97.391,97.594,97.444
488.1,97.603,97.246,97.234,97.45,97.389,97.595,97.444
488.15,97.604,97.244,97.232,97.45,97.388,97.594,97.444
488.2,97.607,97.244,97.232,97.449,97.391,97.595,97.441
488.25,97.606,97.241,97.227,97.449,97.389,97.594,97.44
488.3,97.609,97.24,97.227,97.446,97.389,97.595,97.443
488.35,97.61,97.238,97.227,97.443,97.388,97.598,97.443
488.4,97.609,97.237,97.226,97.441,97.385,97.597,97.441
488.45,97.612,97.235,97.227,97.44,97.385,97.597,97.441
488.5,97.61,97.234,97.226,97.438,97.383,97.597,97.44
488.55,97.614,97.231,97.224,97.435,97.383,97.595,97.44
488.6,97.617,97.229,97.226,97.433,97.383,97.594,97.44
488.65,97.615,97.226,97.221,97.429,97.383,97.592,97.437
488.7,97.617,97.221,97.218,97.427,97.382,97.592,97.438
488.75,97.618,97.22,97.217,97.424,97.38,97.591,97.435
488.8,97.618,97.221,97.214,97.421,97.377,97.591,97.433
488.85,97.614,97.22,97.212,97.418,97.372,97.588,97.435
488.9,97.615,97.217,97.211,97.417,97.371,97.585,97.437
488.95,97.614,97.212,97.211,97.414,97.371,97.58,97.437
489,97.614,97.208,97.208,97.414,97.369,97.578,97.433
489.05,97.615,97.206,97.205,97.412,97.368,97.575,97.433
489.1,97.614,97.205,97.208,97.411,97.368,97.572,97.432
489.15,97.614,97.205,97.206,97.411,97.366,97.568,97.43
489.2,97.61,97.203,97.205,97.406,97.365,97.568,97.429
489.25,97.607,97.202,97.2,97.408,97.365,97.565,97.426
489.3,97.609,97.198,97.198,97.408,97.363,97.562,97.426
489.35,97.609,97.195,97.197,97.408,97.362,97.562,97.423
489.4,97.609,97.189,97.195,97.406,97.359,97.562,97.423
489.45,97.609,97.188,97.195,97.403,97.357,97.56,97.423
489.5,97.606,97.182,97.192,97.403,97.354,97.563,97.42
489.55,97.604,97.18,97.191,97.401,97.354,97.56,97.418
489.6,97.603,97.18,97.189,97.4,97.356,97.562,97.417
489.65,97.6,97.177,97.189,97.398,97.351,97.562,97.415
489.7,97.6,97.177,97.188,97.398,97.351,97.56,97.414
489.75,97.597,97.176,97.186,97.397,97.35,97.562,97.412
489.8,97.595,97.173,97.186,97.397,97.346,97.56,97.409
489.85,97.594,97.171,97.186,97.395,97.346,97.56,97.409
489.9,97.589,97.168,97.186,97.394,97.345,97.557,97.408
489.95,97.591,97.166,97.185,97.394,97.345,97.554,97.404
490,97.589,97.163,97.186,97.394,97.345,97.552,97.403
490.05,97.588,97.163,97.183,97.394,97.343,97.549,97.403
490.1,97.586,97.163,97.183,97.392,97.342,97.548,97.4
490.15,97.585,97.16,97.183,97.394,97.337,97.546,97.398
490.2,97.58,97.159,97.18,97.392,97.337,97.546,97.397
490.25,97.581,97.159,97.179,97.392,97.334,97.545,97.395
490.3,97.577,97.16,97.177,97.392,97.333,97.543,97.394
490.35,97.577,97.16,97.174,97.394,97.33,97.543,97.392
490.4,97.577,97.159,97.174,97.394,97.33,97.54,97.392
490.45,97.577,97.159,97.174,97.392,97.33,97.539,97.389
490.5,97.577,97.157,97.177,97.392,97.328,97.539,97.389
490.55,97.574,97.157,97.174,97.394,97.327,97.54,97.388
490.6,97.574,97.159,97.174,97.392,97.324,97.539,97.386
490.65,97.572,97.159,97.174,97.392,97.322,97.539,97.385
490.7,97.569,97.159,97.173,97.392,97.324,97.54,97.385
490.75,97.569,97.157,97.173,97.392,97.322,97.542,97.382
490.8,97.572,97.157,97.171,97.394,97.321,97.539,97.38
490.85,97.568,97.157,97.173,97.394,97.319,97.539,97.382
490.9,97.565,97.154,97.174,97.391,97.319,97.539,97.382
490.95,97.563,97.156,97.174,97.389,97.319,97.537,97.383
491,97.562,97.16,97.174,97.389,97.318,97.536,97.379
491.05,97.562,97.159,97.173,97.391,97.319,97.537,97.377
491.1,97.563,97.163,97.173,97.391,97.319,97.536,97.377
491.15,97.563,97.162,97.174,97.389,97.321,97.537,97.379
491.2,97.565,97.162,97.176,97.391,97.316,97.536,97.379
491.25,97.566,97.165,97.177,97.391,97.319,97.534,97.379
491.3,97.566,97.166,97.18,97.392,97.318,97.533,97.379
491.35,97.566,97.166,97.183,97.392,97.318,97.53,97.382
491.4,97.565,97.168,97.186,97.391,97.318,97.528,97.383
491.45,97.565,97.171,97.186,97.392,97.318,97.527,97.382
491.5,97.568,97.173,97.186,97.395,97.319,97.527,97.383
491.55,97.565,97.176,97.189,97.397,97.321,97.527,97.383
491.6,97.563,97.177,97.189,97.398,97.321,97.528,97.386
491.65,97.565,97.179,97.191,97.4,97.321,97.527,97.386
491.7,97.566,97.179,97.191,97.4,97.322,97.527,97.388
491.75,97.563,97.183,97.194,97.401,97.325,97.527,97.388
491.8,97.566,97.186,97.197,97.403,97.325,97.527,97.389
491.85,97.565,97.192,97.2,97.406,97.33,97.525,97.391
491.9,97.565,97.194,97.205,97.408,97.328,97.527,97.392
491.95,97.565,97.197,97.209,97.409,97.333,97.527,97.397
492,97.563,97.2,97.212,97.411,97.334,97.525,97.4
492.05,97.563,97.203,97.215,97.415,97.336,97.527,97.403
492.1,97.563,97.206,97.217,97.415,97.337,97.527,97.406
492.15,97.565,97.209,97.22,97.418,97.34,97.527,97.408
492.2,97.563,97.214,97.224,97.42,97.343,97.528,97.408
492.25,97.568,97.214,97.227,97.423,97.343,97.53,97.409
492.3,97.569,97.217,97.231,97.427,97.345,97.531,97.411
492.35,97.571,97.22,97.234,97.43,97.348,97.531,97.417
492.4,97.572,97.223,97.238,97.435,97.351,97.533,97.421
492.45,97.577,97.224,97.24,97.44,97.354,97.534,97.424
492.5,97.578,97.231,97.24,97.444,97.357,97.534,97.427
492.55,97.583,97.232,97.243,97.447,97.359,97.536,97.429
492.6,97.585,97.237,97.244,97.452,97.362,97.537,97.432
492.65,97.586,97.24,97.249,97.455,97.366,97.537,97.438
492.7,97.589,97.243,97.252,97.456,97.369,97.536,97.441
492.75,97.591,97.244,97.255,97.461,97.371,97.539,97.441
492.8,97.594,97.246,97.255,97.461,97.377,97.542,97.446
492.85,97.595,97.249,97.258,97.464,97.379,97.543,97.447
492.9,97.597,97.247,97.261,97.469,97.382,97.549,97.45
492.95,97.601,97.25,97.263,97.47,97.385,97.552,97.453
493,97.601,97.252,97.264,97.475,97.388,97.554,97.458
493.05,97.604,97.255,97.264,97.478,97.391,97.557,97.462
493.1,97.606,97.256,97.267,97.479,97.395,97.56,97.464
493.15,97.609,97.255,97.269,97.484,97.397,97.563,97.467
493.2,97.612,97.256,97.27,97.484,97.4,97.568,97.469
493.25,97.614,97.256,97.275,97.488,97.401,97.572,97.472
493.3,97.615,97.26,97.279,97.493,97.404,97.575,97.473
493.35,97.621,97.264,97.278,97.495,97.408,97.58,97.478
493.4,97.624,97.267,97.281,97.498,97.409,97.583,97.481
493.45,97.629,97.266,97.282,97.501,97.412,97.588,97.487
493.5,97.633,97.266,97.282,97.504,97.417,97.592,97.488
493.55,97.636,97.266,97.284,97.507,97.42,97.594,97.491
493.6,97.639,97.269,97.285,97.51,97.421,97.6,97.493
493.65,97.646,97.27,97.289,97.511,97.424,97.604,97.493
493.7,97.647,97.272,97.289,97.514,97.424,97.609,97.495
493.75,97.652,97.275,97.289,97.517,97.427,97.612,97.496
493.8,97.656,97.276,97.292,97.52,97.432,97.615,97.501
493.85,97.658,97.278,97.293,97.523,97.437,97.62,97.504
493.9,97.662,97.281,97.295,97.525,97.44,97.623,97.508
493.95,97.664,97.282,97.298,97.53,97.443,97.627,97.508
494,97.665,97.285,97.298,97.53,97.446,97.63,97.51
494.05,97.672,97.285,97.299,97.531,97.447,97.633,97.514
494.1,97.676,97.287,97.304,97.537,97.447,97.638,97.517
494.15,97.678,97.29,97.302,97.542,97.45,97.643,97.52
494.2,97.682,97.292,97.307,97.546,97.455,97.649,97.523
494.25,97.685,97.295,97.31,97.548,97.455,97.652,97.527
494.3,97.687,97.296,97.311,97.556,97.456,97.656,97.528
494.35,97.69,97.296,97.314,97.559,97.458,97.659,97.533
494.4,97.694,97.299,97.318,97.565,97.459,97.664,97.534
494.45,97.697,97.302,97.318,97.571,97.464,97.667,97.537
494.5,97.702,97.308,97.319,97.572,97.467,97.67,97.539
494.55,97.707,97.31,97.319,97.578,97.469,97.675,97.539
494.6,97.713,97.314,97.321,97.583,97.472,97.679,97.542
494.65,97.717,97.313,97.327,97.586,97.475,97.684,97.546
494.7,97.725,97.319,97.33,97.592,97.478,97.688,97.549
494.75,97.731,97.321,97.333,97.595,97.479,97.693,97.552
494.8,97.736,97.322,97.337,97.603,97.482,97.694,97.556
494.85,97.74,97.325,97.339,97.606,97.487,97.699,97.562
494.9,97.745,97.328,97.34,97.61,97.49,97.704,97.566
494.95,97.749,97.328,97.343,97.615,97.493,97.708,97.569
495,97.754,97.33,97.345,97.621,97.496,97.711,97.571
495.05,97.76,97.328,97.348,97.626,97.496,97.717,97.571
495.1,97.765,97.331,97.35,97.63,97.499,97.72,97.575
495.15,97.771,97.334,97.35,97.636,97.502,97.725,97.577
495.2,97.774,97.333,97.35,97.641,97.504,97.728,97.58
495.25,97.778,97.334,97.348,97.646,97.504,97.731,97.586
495.3,97.783,97.334,97.35,97.649,97.507,97.737,97.591
495.35,97.786,97.333,97.35,97.653,97.507,97.74,97.592
495.4,97.791,97.331,97.348,97.653,97.505,97.743,97.594
495.45,97.794,97.334,97.348,97.655,97.505,97.745,97.597
495.5,97.798,97.331,97.348,97.656,97.504,97.748,97.597
495.55,97.803,97.331,97.346,97.658,97.505,97.751,97.6
495.6,97.806,97.328,97.343,97.662,97.505,97.754,97.6
495.65,97.809,97.327,97.343,97.664,97.507,97.757,97.598
495.7,97.813,97.324,97.339,97.662,97.507,97.76,97.598
495.75,97.815,97.321,97.339,97.662,97.507,97.758,97.597
495.8,97.816,97.314,97.336,97.659,97.502,97.758,97.595
495.85,97.82,97.308,97.33,97.659,97.501,97.76,97.594
495.9,97.823,97.305,97.325,97.656,97.498,97.765,97.592
495.95,97.824,97.302,97.321,97.653,97.495,97.765,97.589
496,97.821,97.293,97.314,97.65,97.49,97.763,97.586
496.05,97.824,97.285,97.308,97.649,97.484,97.765,97.581
496.1,97.826,97.279,97.301,97.646,97.481,97.762,97.578
496.15,97.824,97.272,97.296,97.644,97.476,97.762,97.577
496.2,97.827,97.263,97.29,97.638,97.472,97.76,97.572
496.25,97.823,97.255,97.284,97.633,97.464,97.757,97.565
496.3,97.82,97.247,97.275,97.627,97.458,97.754,97.562
496.35,97.818,97.241,97.267,97.621,97.452,97.751,97.554
496.4,97.813,97.231,97.255,97.615,97.446,97.748,97.548
496.45,97.813,97.223,97.247,97.609,97.44,97.742,97.539
496.5,97.812,97.214,97.235,97.603,97.43,97.742,97.531
496.55,97.809,97.205,97.224,97.597,97.423,97.736,97.527
496.6,97.804,97.195,97.215,97.589,97.417,97.734,97.52
496.65,97.8,97.186,97.205,97.58,97.411,97.729,97.516
496.7,97.795,97.174,97.195,97.571,97.4,97.723,97.507
496.75,97.791,97.163,97.186,97.565,97.389,97.719,97.498
496.8,97.786,97.153,97.177,97.554,97.38,97.713,97.487
496.85,97.781,97.139,97.168,97.543,97.371,97.707,97.478
496.9,97.775,97.128,97.157,97.536,97.36,97.697,97.464
496.95,97.769,97.116,97.145,97.527,97.354,97.691,97.455
497,97.763,97.104,97.133,97.519,97.346,97.688,97.446
497.05,97.758,97.092,97.119,97.51,97.336,97.681,97.437
497.1,97.749,97.079,97.108,97.498,97.325,97.676,97.427
497.15,97.743,97.064,97.098,97.488,97.313,97.665,97.417
497.2,97.739,97.055,97.089,97.475,97.304,97.658,97.406
497.25,97.733,97.043,97.076,97.467,97.295,97.65,97.397
497.3,97.722,97.032,97.064,97.456,97.284,97.641,97.388
497.35,97.716,97.02,97.054,97.446,97.276,97.636,97.379
497.4,97.708,97.009,97.043,97.438,97.269,97.627,97.371
497.45,97.701,96.999,97.034,97.429,97.26,97.618,97.362
497.5,97.694,96.988,97.023,97.421,97.25,97.61,97.351
497.55,97.688,96.979,97.011,97.414,97.243,97.601,97.34
497.6,97.684,96.971,97.003,97.404,97.234,97.594,97.333
497.65,97.676,96.96,96.996,97.395,97.227,97.586,97.325
497.7,97.668,96.948,96.986,97.385,97.22,97.578,97.314
497.75,97.659,96.938,96.976,97.375,97.209,97.571,97.304
497.8,97.652,96.93,96.967,97.368,97.2,97.563,97.295
497.85,97.647,96.921,96.954,97.359,97.191,97.556,97.285
497.9,97.641,96.912,96.945,97.351,97.18,97.546,97.278
497.95,97.635,96.901,96.935,97.34,97.168,97.539,97.269
498,97.63,96.895,96.925,97.333,97.157,97.531,97.26
498.05,97.623,96.884,96.915,97.322,97.148,97.523,97.25
498.1,97.615,96.875,96.907,97.311,97.141,97.514,97.24
498.15,97.604,96.866,96.899,97.304,97.131,97.505,97.229
498.2,97.598,96.855,96.89,97.298,97.121,97.496,97.218
498.25,97.591,96.848,96.88,97.287,97.112,97.485,97.209
498.3,97.583,96.838,96.87,97.281,97.104,97.479,97.2
498.35,97.577,96.828,96.86,97.272,97.096,97.472,97.191
498.4,97.569,96.82,96.849,97.264,97.086,97.464,97.182
498.45,97.563,96.812,96.838,97.253,97.079,97.456,97.173
498.5,97.556,96.808,96.831,97.244,97.072,97.449,97.166
498.55,97.548,96.8,96.822,97.237,97.061,97.441,97.159
498.6,97.54,96.794,96.814,97.231,97.049,97.43,97.15
498.65,97.534,96.786,96.808,97.224,97.043,97.423,97.141
498.7,97.53,96.78,96.797,97.217,97.035,97.415,97.131
498.75,97.523,96.777,96.788,97.211,97.026,97.409,97.124
498.8,97.514,96.768,96.782,97.203,97.018,97.4,97.113
498.85,97.505,96.762,96.774,97.192,97.008,97.391,97.105
498.9,97.499,96.754,96.767,97.183,96.999,97.383,97.095
498.95,97.491,96.748,96.759,97.177,96.989,97.375,97.086
499,97.485,96.742,96.751,97.168,96.982,97.366,97.076
499.05,97.476,96.735,96.744,97.159,96.973,97.359,97.069
499.1,97.469,96.727,96.736,97.148,96.964,97.348,97.06
499.15,97.461,96.721,96.73,97.137,96.956,97.34,97.054
499.2,97.452,96.713,96.722,97.127,96.948,97.333,97.044
499.25,97.441,96.707,96.716,97.118,96.939,97.322,97.037
499.3,97.433,96.701,96.709,97.11,96.931,97.313,97.031
499.35,97.424,96.696,96.703,97.098,96.922,97.302,97.026
499.4,97.417,96.69,96.7,97.087,96.916,97.292,97.017
499.45,97.406,96.686,96.695,97.078,96.91,97.282,97.009
499.5,97.394,96.68,96.689,97.069,96.901,97.275,97.002
499.55,97.385,96.677,96.684,97.061,96.896,97.261,96.996
499.6,97.375,96.671,96.678,97.049,96.889,97.252,96.988
499.65,97.365,96.667,96.674,97.04,96.881,97.244,96.985
499.7,97.357,96.661,96.671,97.034,96.875,97.235,96.977
499.75,97.348,96.657,96.666,97.023,96.869,97.229,96.971
499.8,97.34,96.655,96.664,97.012,96.864,97.217,96.967
499.85,97.331,96.654,96.663,97.005,96.86,97.211,96.962
499.9,97.322,96.652,96.661,96.997,96.852,97.2,96.957
499.95,97.314,96.652,96.66,96.988,96.846,97.189,96.951
500,97.307,96.651,96.66,96.98,96.843,97.18,96.948
500.05,97.299,96.649,96.658,96.974,96.838,97.171,96.942
500.1,97.292,96.646,96.657,96.97,96.834,97.162,96.941
500.15,97.282,96.645,96.657,96.962,96.832,97.154,96.936
500.2,97.276,96.645,96.655,96.953,96.829,97.148,96.933
500.25,97.269,96.643,96.655,96.948,96.826,97.141,96.928
500.3,97.256,96.642,96.658,96.944,96.823,97.133,96.925
500.35,97.249,96.642,96.658,96.938,96.822,97.125,96.925
500.4,97.243,96.643,96.658,96.933,96.82,97.119,96.925
500.45,97.238,96.646,96.66,96.928,96.82,97.113,96.925
500.5,97.231,96.649,96.661,96.927,96.82,97.104,96.925
500.55,97.226,96.652,96.663,96.922,96.82,97.098,96.925
500.6,97.218,96.652,96.666,96.919,96.817,97.095,96.922
500.65,97.212,96.657,96.669,96.919,96.817,97.09,96.922
500.7,97.206,96.66,96.672,96.916,96.82,97.089,96.922
500.75,97.202,96.664,96.675,96.918,96.82,97.083,96.922
500.8,97.198,96.669,96.68,96.919,96.823,97.076,96.924
500.85,97.195,96.675,96.683,96.921,96.826,97.075,96.925
500.9,97.192,96.683,96.686,96.919,96.828,97.075,96.927
500.95,97.192,96.687,96.689,96.922,96.829,97.072,96.928
501,97.191,96.693,96.692,96.925,96.834,97.072,96.93
501.05,97.192,96.7,96.696,96.927,96.837,97.07,96.935
501.1,97.195,96.707,96.701,96.925,96.843,97.069,96.936
501.15,97.192,96.712,96.706,96.927,96.846,97.069,96.942
501.2,97.191,96.718,96.712,96.931,96.851,97.069,96.947
501.25,97.194,96.725,96.719,96.935,96.855,97.069,96.951
501.3,97.195,96.732,96.725,96.939,96.86,97.069,96.957
501.35,97.195,96.739,96.732,96.942,96.864,97.069,96.965
501.4,97.197,96.745,96.738,96.947,96.869,97.075,96.968
501.45,97.198,96.751,96.742,96.95,96.875,97.075,96.974
501.5,97.2,96.759,96.751,96.956,96.886,97.076,96.982
501.55,97.202,96.767,96.761,96.962,96.892,97.079,96.986
501.6,97.206,96.776,96.768,96.97,96.899,97.083,96.992
501.65,97.211,96.785,96.774,96.977,96.907,97.086,96.999
501.7,97.214,96.791,96.782,96.982,96.916,97.09,97.003
501.75,97.218,96.797,96.791,96.989,96.924,97.093,97.012
501.8,97.221,96.806,96.8,96.996,96.931,97.098,97.02
501.85,97.224,96.814,96.809,96.999,96.939,97.102,97.029
501.9,97.234,96.822,96.815,97.006,96.947,97.104,97.037
501.95,97.238,96.831,96.826,97.012,96.954,97.108,97.041
502,97.243,96.838,96.834,97.018,96.964,97.113,97.047
502.05,97.246,96.844,96.843,97.023,96.968,97.119,97.054
502.1,97.25,96.851,96.852,97.029,96.974,97.125,97.061
502.15,97.256,96.86,96.858,97.035,96.98,97.131,97.069
502.2,97.261,96.869,96.867,97.043,96.991,97.137,97.079
502.25,97.267,96.88,96.873,97.046,97,97.142,97.086
502.3,97.272,96.886,96.883,97.054,97.008,97.147,97.095
502.35,97.276,96.893,96.892,97.058,97.015,97.154,97.104
502.4,97.281,96.902,96.898,97.063,97.023,97.16,97.108
502.45,97.285,96.909,96.902,97.067,97.029,97.165,97.116
502.5,97.292,96.916,96.912,97.075,97.035,97.166,97.124
502.55,97.295,96.922,96.919,97.081,97.044,97.171,97.13
502.6,97.299,96.928,96.927,97.089,97.049,97.177,97.136
502.65,97.304,96.935,96.933,97.095,97.054,97.186,97.144
502.7,97.305,96.938,96.939,97.104,97.06,97.192,97.151
502.75,97.311,96.945,96.947,97.113,97.066,97.202,97.157
502.8,97.318,96.953,96.953,97.121,97.075,97.206,97.163
502.85,97.321,96.957,96.96,97.128,97.081,97.212,97.166
502.9,97.325,96.964,96.965,97.133,97.089,97.218,97.171
502.95,97.33,96.971,96.973,97.137,97.098,97.226,97.176
503,97.337,96.976,96.977,97.144,97.104,97.231,97.182
503.05,97.342,96.982,96.985,97.151,97.112,97.237,97.189
503.1,97.346,96.986,96.989,97.157,97.116,97.244,97.192
503.15,97.351,96.991,96.992,97.163,97.122,97.25,97.2
503.2,97.356,96.996,96.997,97.168,97.127,97.255,97.206
503.25,97.36,97,97.005,97.173,97.13,97.261,97.214
503.3,97.366,97.006,97.011,97.182,97.134,97.269,97.218
503.35,97.371,97.012,97.014,97.188,97.137,97.273,97.224
503.4,97.374,97.015,97.021,97.194,97.141,97.278,97.229
503.45,97.38,97.02,97.025,97.202,97.147,97.285,97.231
503.5,97.383,97.026,97.029,97.208,97.156,97.29,97.234
503.55,97.391,97.028,97.031,97.214,97.163,97.299,97.24
503.6,97.395,97.031,97.035,97.223,97.168,97.305,97.246
503.65,97.398,97.035,97.04,97.231,97.176,97.313,97.25
503.7,97.406,97.04,97.046,97.238,97.182,97.322,97.256
503.75,97.411,97.044,97.05,97.247,97.186,97.33,97.261
503.8,97.418,97.05,97.054,97.255,97.191,97.336,97.266
503.85,97.426,97.054,97.058,97.266,97.194,97.34,97.27
503.9,97.433,97.055,97.06,97.272,97.198,97.345,97.273
503.95,97.44,97.06,97.063,97.281,97.205,97.354,97.278
504,97.444,97.061,97.069,97.287,97.209,97.362,97.284
504.05,97.455,97.064,97.076,97.293,97.212,97.372,97.289
504.1,97.459,97.064,97.079,97.299,97.221,97.383,97.292
504.15,97.469,97.067,97.084,97.305,97.227,97.391,97.296
504.2,97.473,97.069,97.09,97.313,97.235,97.4,97.304
504.25,97.481,97.07,97.093,97.321,97.243,97.404,97.308
504.3,97.487,97.072,97.096,97.328,97.249,97.412,97.313
504.35,97.496,97.075,97.099,97.334,97.253,97.421,97.318
504.4,97.501,97.076,97.101,97.339,97.256,97.43,97.321
504.45,97.51,97.079,97.099,97.346,97.263,97.438,97.328
504.5,97.513,97.083,97.105,97.354,97.266,97.446,97.334
504.55,97.522,97.084,97.107,97.363,97.269,97.452,97.336
504.6,97.528,97.086,97.107,97.369,97.273,97.458,97.34
504.65,97.534,97.087,97.11,97.377,97.276,97.467,97.342
504.7,97.542,97.086,97.113,97.383,97.281,97.473,97.348
504.75,97.548,97.087,97.113,97.389,97.285,97.481,97.351
504.8,97.554,97.084,97.115,97.394,97.292,97.488,97.356
504.85,97.562,97.084,97.116,97.403,97.296,97.498,97.359
504.9,97.566,97.083,97.115,97.408,97.301,97.505,97.362
504.95,97.571,97.083,97.116,97.412,97.305,97.514,97.365
505,97.577,97.083,97.116,97.418,97.308,97.522,97.366
505.05,97.583,97.083,97.118,97.423,97.311,97.528,97.371
505.1,97.591,97.081,97.115,97.427,97.311,97.537,97.375
505.15,97.594,97.079,97.115,97.435,97.311,97.542,97.377
505.2,97.6,97.079,97.115,97.44,97.311,97.548,97.38
505.25,97.606,97.078,97.113,97.444,97.313,97.554,97.382
505.3,97.61,97.075,97.112,97.449,97.314,97.556,97.382
505.35,97.618,97.073,97.113,97.452,97.316,97.562,97.385
505.4,97.62,97.07,97.113,97.456,97.316,97.568,97.386
505.45,97.624,97.069,97.112,97.459,97.318,97.575,97.388
505.5,97.629,97.066,97.11,97.462,97.319,97.581,97.388
505.55,97.632,97.061,97.11,97.467,97.321,97.588,97.391
505.6,97.638,97.06,97.105,97.47,97.319,97.592,97.389
505.65,97.638,97.058,97.102,97.475,97.322,97.595,97.391
505.7,97.643,97.057,97.102,97.476,97.322,97.6,97.389
505.75,97.644,97.052,97.099,97.479,97.321,97.604,97.388
505.8,97.649,97.05,97.098,97.481,97.321,97.604,97.388
505.85,97.65,97.05,97.098,97.482,97.319,97.607,97.386
505.9,97.653,97.049,97.096,97.484,97.318,97.612,97.385
505.95,97.653,97.043,97.096,97.487,97.321,97.614,97.382
506,97.656,97.038,97.093,97.49,97.321,97.618,97.382
506.05,97.656,97.034,97.093,97.493,97.321,97.621,97.38
506.1,97.658,97.031,97.087,97.495,97.318,97.624,97.377
506.15,97.661,97.025,97.086,97.495,97.314,97.627,97.375
506.2,97.664,97.021,97.083,97.498,97.313,97.632,97.374
506.25,97.665,97.017,97.079,97.498,97.311,97.633,97.372
506.3,97.667,97.012,97.076,97.501,97.307,97.635,97.368
506.35,97.667,97.008,97.076,97.501,97.307,97.635,97.366
506.4,97.67,97.006,97.072,97.502,97.305,97.638,97.362
506.45,97.672,97.002,97.064,97.501,97.302,97.638,97.359
506.5,97.675,97,97.063,97.499,97.296,97.639,97.359
506.55,97.676,96.997,97.055,97.501,97.293,97.639,97.356
506.6,97.678,96.991,97.05,97.501,97.29,97.639,97.353
506.65,97.681,96.983,97.046,97.502,97.287,97.639,97.351
506.7,97.679,96.977,97.044,97.504,97.284,97.641,97.346
506.75,97.682,96.974,97.04,97.501,97.279,97.641,97.34
506.8,97.682,96.971,97.037,97.499,97.279,97.641,97.337
506.85,97.682,96.962,97.032,97.498,97.275,97.641,97.331
506.9,97.681,96.957,97.026,97.498,97.272,97.643,97.328
506.95,97.679,96.95,97.018,97.498,97.267,97.639,97.324
507,97.676,96.942,97.014,97.493,97.261,97.638,97.318
507.05,97.675,96.936,97.006,97.493,97.256,97.635,97.313
507.1,97.67,96.93,97,97.491,97.252,97.632,97.31
507.15,97.67,96.924,96.996,97.488,97.247,97.629,97.304
507.2,97.668,96.916,96.991,97.484,97.244,97.626,97.299
507.25,97.668,96.909,96.983,97.482,97.238,97.623,97.296
507.3,97.667,96.899,96.974,97.481,97.231,97.621,97.293
507.35,97.664,96.892,96.967,97.479,97.223,97.617,97.289
507.4,97.659,96.883,96.957,97.476,97.217,97.618,97.278
507.45,97.658,96.872,96.948,97.472,97.212,97.617,97.27
507.5,97.653,96.863,96.938,97.467,97.206,97.617,97.266
507.55,97.652,96.857,96.927,97.461,97.195,97.612,97.26
507.6,97.647,96.848,96.921,97.456,97.191,97.607,97.253
507.65,97.643,96.838,96.913,97.452,97.185,97.603,97.244
507.7,97.639,96.829,96.907,97.446,97.179,97.598,97.237
507.75,97.635,96.819,96.895,97.441,97.173,97.594,97.231
507.8,97.627,96.805,96.884,97.437,97.166,97.589,97.223
507.85,97.623,96.793,96.872,97.432,97.156,97.586,97.214
507.9,97.617,96.782,96.86,97.426,97.148,97.581,97.208
507.95,97.614,96.77,96.849,97.423,97.139,97.578,97.198
508,97.61,96.756,96.84,97.417,97.127,97.574,97.189
508.05,97.603,96.742,96.829,97.409,97.118,97.569,97.182
508.1,97.597,96.727,96.819,97.403,97.108,97.565,97.173
508.15,97.589,96.713,96.808,97.397,97.099,97.562,97.16
508.2,97.583,96.7,96.791,97.389,97.09,97.559,97.15
508.25,97.574,96.687,96.777,97.382,97.079,97.552,97.139
508.3,97.568,96.672,96.764,97.371,97.07,97.545,97.13
508.35,97.557,96.657,96.75,97.365,97.06,97.54,97.119
508.4,97.551,96.64,96.733,97.357,97.049,97.533,97.108
508.45,97.543,96.623,96.718,97.346,97.035,97.525,97.098
508.5,97.536,96.606,96.701,97.339,97.023,97.519,97.084
508.55,97.527,96.588,96.684,97.331,97.009,97.514,97.07
508.6,97.522,96.571,96.667,97.324,96.996,97.505,97.058
508.65,97.517,96.552,96.651,97.311,96.982,97.498,97.044
508.7,97.511,96.532,96.632,97.302,96.967,97.493,97.029
508.75,97.504,96.51,96.611,97.292,96.953,97.487,97.014
508.8,97.495,96.49,96.591,97.282,96.936,97.479,97
508.85,97.485,96.468,96.573,97.272,96.918,97.472,96.98
508.9,97.475,96.443,96.552,97.261,96.899,97.464,96.964
508.95,97.464,96.423,96.53,97.25,96.884,97.455,96.948
509,97.455,96.4,96.509,97.24,96.867,97.444,96.933
509.05,97.444,96.376,96.486,97.226,96.849,97.433,96.916
509.1,97.433,96.349,96.465,97.215,96.829,97.42,96.899
509.15,97.421,96.32,96.44,97.2,96.812,97.409,96.88
509.2,97.411,96.294,96.416,97.186,96.79,97.4,96.86
509.25,97.4,96.268,96.39,97.169,96.767,97.388,96.838
509.3,97.388,96.239,96.361,97.156,96.745,97.377,96.819
509.35,97.375,96.211,96.335,97.141,96.722,97.362,96.796
509.4,97.362,96.184,96.309,97.125,96.7,97.35,96.773
509.45,97.348,96.155,96.281,97.107,96.675,97.334,96.751
509.5,97.333,96.123,96.252,97.089,96.651,97.322,96.725
509.55,97.314,96.089,96.22,97.07,96.628,97.307,96.701
509.6,97.296,96.059,96.188,97.05,96.603,97.292,96.677
509.65,97.284,96.025,96.158,97.032,96.579,97.275,96.649
509.7,97.267,95.992,96.123,97.014,96.553,97.255,96.622
509.75,97.249,95.953,96.089,96.994,96.526,97.24,96.596
509.8,97.231,95.918,96.056,96.968,96.498,97.218,96.568
509.85,97.212,95.877,96.022,96.947,96.469,97.202,96.538
509.9,97.194,95.834,95.984,96.925,96.439,97.182,96.507
509.95,97.173,95.792,95.947,96.901,96.408,97.163,96.478
510,97.153,95.75,95.911,96.877,96.376,97.144,96.446
510.05,97.133,95.706,95.871,96.852,96.344,97.127,96.414
510.1,97.108,95.659,95.828,96.825,96.312,97.105,96.381
510.15,97.087,95.609,95.787,96.797,96.278,97.083,96.346
510.2,97.061,95.558,95.741,96.771,96.245,97.061,96.312
510.25,97.038,95.505,95.694,96.744,96.211,97.041,96.275
510.3,97.012,95.448,95.647,96.715,96.175,97.014,96.239
510.35,96.982,95.389,95.596,96.684,96.138,96.986,96.204
510.4,96.956,95.326,95.543,96.654,96.098,96.962,96.165
510.45,96.927,95.261,95.488,96.622,96.059,96.936,96.126
510.5,96.901,95.192,95.433,96.59,96.019,96.909,96.085
510.55,96.87,95.117,95.372,96.556,95.976,96.883,96.04
510.6,96.84,95.039,95.308,96.521,95.932,96.854,95.995
510.65,96.811,94.96,95.241,96.487,95.885,96.825,95.947
510.7,96.782,94.876,95.168,96.451,95.839,96.797,95.895
510.75,96.751,94.786,95.094,96.414,95.79,96.767,95.842
510.8,96.718,94.69,95.012,96.376,95.737,96.736,95.79
510.85,96.684,94.589,94.926,96.336,95.682,96.701,95.735
510.9,96.652,94.484,94.836,96.297,95.622,96.669,95.674
510.95,96.616,94.368,94.742,96.255,95.563,96.637,95.613
511,96.582,94.249,94.641,96.211,95.5,96.603,95.546
511.05,96.545,94.122,94.536,96.17,95.435,96.57,95.474
511.1,96.509,93.991,94.423,96.124,95.364,96.533,95.403
511.15,96.471,93.855,94.304,96.077,95.287,96.497,95.326
511.2,96.429,93.706,94.18,96.03,95.204,96.46,95.242
511.25,96.387,93.553,94.048,95.982,95.119,96.42,95.154
511.3,96.346,93.393,93.912,95.93,95.03,96.381,95.059
511.35,96.303,93.224,93.765,95.877,94.936,96.339,94.957
511.4,96.257,93.048,93.614,95.825,94.835,96.3,94.852
511.45,96.208,92.865,93.452,95.766,94.73,96.255,94.74
511.5,96.158,92.674,93.288,95.705,94.617,96.213,94.624
511.55,96.109,92.474,93.109,95.642,94.499,96.164,94.501
511.6,96.054,92.264,92.926,95.573,94.379,96.114,94.37
511.65,95.996,92.046,92.732,95.503,94.247,96.059,94.234
511.7,95.937,91.817,92.534,95.428,94.11,96.008,94.089
511.75,95.874,91.58,92.326,95.348,93.965,95.952,93.936
511.8,95.811,91.333,92.107,95.264,93.814,95.894,93.774
511.85,95.74,91.078,91.879,95.177,93.655,95.833,93.608
511.9,95.665,90.813,91.643,95.084,93.488,95.77,93.433
511.95,95.59,90.538,91.396,94.991,93.312,95.705,93.246
512,95.508,90.254,91.141,94.888,93.127,95.634,93.05
512.05,95.422,89.963,90.874,94.783,92.938,95.561,92.848
512.1,95.329,89.659,90.598,94.667,92.735,95.483,92.636
512.15,95.235,89.348,90.312,94.545,92.523,95.403,92.415
512.2,95.132,89.024,90.018,94.42,92.303,95.317,92.186
512.25,95.026,88.692,89.714,94.286,92.075,95.226,91.948
512.3,94.911,88.348,89.404,94.147,91.837,95.128,91.699
512.35,94.791,87.997,89.081,94.002,91.586,95.026,91.446
512.4,94.666,87.637,88.748,93.848,91.331,94.917,91.179
512.45,94.531,87.265,88.406,93.684,91.066,94.806,90.901
512.5,94.389,86.882,88.054,93.513,90.79,94.685,90.616
512.55,94.244,86.496,87.694,93.335,90.508,94.562,90.32
512.6,94.09,86.098,87.328,93.15,90.213,94.431,90.016
512.65,93.924,85.69,86.949,92.953,89.909,94.29,89.703
512.7,93.755,85.274,86.562,92.751,89.595,94.144,89.378
512.75,93.576,84.846,86.165,92.538,89.275,93.991,89.044
512.8,93.39,84.412,85.759,92.316,88.945,93.828,88.701
512.85,93.193,83.966,85.344,92.082,88.605,93.661,88.35
512.9,92.987,83.511,84.917,91.843,88.254,93.486,87.988
512.95,92.773,83.049,84.483,91.591,87.894,93.301,87.619
513,92.551,82.574,84.041,91.333,87.524,93.108,87.239
513.05,92.322,82.094,83.589,91.066,87.148,92.909,86.853
513.1,92.084,81.601,83.125,90.787,86.763,92.697,86.453
513.15,91.835,81.1,82.655,90.5,86.368,92.482,86.046
513.2,91.579,80.589,82.175,90.204,85.957,92.258,85.629
513.25,91.313,80.069,81.686,89.9,85.542,92.024,85.204
513.3,91.035,79.543,81.186,89.586,85.118,91.777,84.769
513.35,90.75,79.005,80.676,89.265,84.685,91.524,84.326
513.4,90.456,78.461,80.161,88.933,84.241,91.26,83.871
513.45,90.149,77.91,79.636,88.591,83.788,90.987,83.409
513.5,89.836,77.344,79.102,88.242,83.327,90.707,82.935
513.55,89.514,76.772,78.558,87.878,82.855,90.417,82.454
513.6,89.183,76.19,78.004,87.508,82.376,90.117,81.963
513.65,88.84,75.598,77.444,87.126,81.885,89.806,81.461
513.7,88.489,75,76.872,86.737,81.387,89.487,80.951
513.75,88.127,74.394,76.295,86.339,80.882,89.157,80.434
513.8,87.756,73.778,75.708,85.931,80.367,88.817,79.909
513.85,87.373,73.154,75.111,85.513,79.843,88.469,79.373
513.9,86.986,72.52,74.506,85.088,79.308,88.113,78.828
513.95,86.586,71.878,73.891,84.653,78.763,87.749,78.273
514,86.177,71.228,73.268,84.209,78.212,87.373,77.71
514.05,85.76,70.567,72.635,83.757,77.649,86.989,77.141
514.1,85.333,69.899,71.994,83.295,77.078,86.597,76.561
514.15,84.897,69.22,71.346,82.822,76.498,86.188,75.97
514.2,84.45,68.535,70.686,82.341,75.909,85.771,75.372
514.25,83.997,67.841,70.02,81.85,75.313,85.35,74.763
514.3,83.531,67.136,69.344,81.348,74.709,84.92,74.147
514.35,83.055,66.423,68.658,80.841,74.095,84.479,73.521
514.4,82.57,65.703,67.966,80.324,73.471,84.032,72.887
514.45,82.079,64.972,67.261,79.799,72.838,83.569,72.243
514.5,81.578,64.236,66.551,79.265,72.195,83.099,71.59
514.55,81.067,63.49,65.831,78.722,71.545,82.622,70.929
514.6,80.545,62.737,65.103,78.169,70.888,82.135,70.259
514.65,80.017,61.974,64.368,77.608,70.219,81.639,69.58
514.7,79.477,61.206,63.623,77.039,69.539,81.134,68.893
514.75,78.931,60.431,62.872,76.459,68.854,80.617,68.196
514.8,78.375,59.65,62.114,75.873,68.161,80.09,67.49
514.85,77.811,58.862,61.346,75.276,67.456,79.559,66.772
514.9,77.237,58.067,60.576,74.67,66.743,79.019,66.051
514.95,76.654,57.265,59.795,74.057,66.023,78.468,65.318
515,76.065,56.456,59.006,73.434,65.295,77.91,64.583
515.05,75.468,55.644,58.212,72.804,64.56,77.344,63.835
515.1,74.861,54.831,57.413,72.165,63.815,76.768,63.081
515.15,74.242,54.01,56.607,71.515,63.063,76.183,62.321
515.2,73.616,53.188,55.797,70.86,62.303,75.589,61.552
515.25,72.981,52.359,54.98,70.193,61.536,74.988,60.776
515.3,72.34,51.527,54.16,69.521,60.764,74.377,59.993
515.35,71.689,50.691,53.336,68.839,59.978,73.758,59.203
515.4,71.03,49.855,52.505,68.149,59.189,73.131,58.405
515.45,70.36,49.017,51.672,67.447,58.394,72.496,57.602
515.5,69.681,48.178,50.838,66.742,57.594,71.852,56.792
515.55,68.996,47.339,50.002,66.025,56.79,71.194,55.975
515.6,68.3,46.498,49.162,65.302,55.977,70.532,55.156
515.65,67.598,45.659,48.325,64.569,55.159,69.861,54.33
515.7,66.887,44.823,47.485,63.831,54.338,69.182,53.502
515.75,66.165,43.987,46.643,63.083,53.511,68.497,52.669
515.8,65.436,43.153,45.802,62.326,52.681,67.804,51.831
515.85,64.7,42.32,44.965,61.565,51.848,67.101,50.993
515.9,63.957,41.493,44.127,60.796,51.01,66.386,50.153
515.95,63.206,40.669,43.292,60.016,50.171,65.668,49.31
516,62.447,39.85,42.459,59.229,49.332,64.937,48.468
516.05,61.679,39.034,41.629,58.438,48.491,64.201,47.624
516.1,60.902,38.223,40.804,57.64,47.65,63.458,46.78
516.15,60.12,37.418,39.983,56.836,46.809,62.703,45.937
516.2,59.334,36.617,39.166,56.024,45.966,61.94,45.094
516.25,58.536,35.823,38.353,55.211,45.125,61.169,44.254
516.3,57.733,35.036,37.546,54.39,44.289,60.394,43.411
516.35,56.923,34.254,36.74,53.566,43.451,59.613,42.575
516.4,56.108,33.479,35.941,52.736,42.613,58.824,41.74
516.45,55.286,32.712,35.149,51.904,41.782,58.026,40.909
516.5,54.462,31.95,34.363,51.067,40.955,57.222,40.082
516.55,53.632,31.2,33.586,50.226,40.128,56.412,39.259
516.6,52.795,30.455,32.814,49.385,39.305,55.598,38.44
516.65,51.956,29.718,32.05,48.541,38.487,54.779,37.627
516.7,51.114,28.987,31.296,47.701,37.675,53.955,36.818
516.75,50.272,28.268,30.55,46.86,36.868,53.127,36.015
516.8,49.429,27.556,29.81,46.016,36.067,52.295,35.22
516.85,48.584,26.854,29.08,45.174,35.274,51.459,34.433
516.9,47.737,26.161,28.358,44.334,34.485,50.62,33.652
516.95,46.89,25.481,27.644,43.495,33.708,49.782,32.878
517,46.045,24.805,26.942,42.659,32.936,48.943,32.114
517.05,45.203,24.141,26.248,41.829,32.172,48.102,31.357
517.1,44.363,23.485,25.565,41,31.418,47.26,30.611
517.15,43.523,22.841,24.889,40.176,30.67,46.42,29.874
517.2,42.685,22.205,24.223,39.355,29.933,45.58,29.143
517.25,41.85,21.579,23.566,38.539,29.205,44.743,28.421
517.3,41.02,20.961,22.919,37.727,28.484,43.906,27.707
517.35,40.196,20.352,22.281,36.923,27.771,43.071,27.003
517.4,39.377,19.753,21.654,36.127,27.068,42.238,26.309
517.45,38.564,19.165,21.034,35.339,26.373,41.409,25.624
517.5,37.753,18.585,20.424,34.557,25.688,40.587,24.95
517.55,36.949,18.016,19.824,33.783,25.012,39.767,24.281
517.6,36.151,17.455,19.234,33.015,24.347,38.951,23.624
517.65,35.361,16.904,18.652,32.254,23.689,38.141,22.977
517.7,34.576,16.36,18.082,31.502,23.039,37.335,22.337
517.75,33.801,15.829,17.517,30.759,22.401,36.539,21.709
517.8,33.032,15.306,16.965,30.025,21.773,35.751,21.088
517.85,32.272,14.792,16.42,29.298,21.153,34.967,20.476
517.9,31.52,14.288,15.886,28.58,20.543,34.189,19.878
517.95,30.777,13.794,15.364,27.87,19.94,33.418,19.286
518,30.04,13.31,14.85,27.171,19.35,32.655,18.704
518.05,29.315,12.836,14.345,26.48,18.768,31.902,18.134
518.1,28.595,12.372,13.85,25.798,18.195,31.155,17.57
518.15,27.887,11.916,13.365,25.125,17.632,30.417,17.018
518.2,27.188,11.472,12.889,24.461,17.079,29.686,16.475
518.25,26.497,11.035,12.422,23.807,16.534,28.964,15.941
518.3,25.815,10.609,11.966,23.161,16,28.253,15.417
518.35,25.142,10.193,11.519,22.525,15.477,27.551,14.902
518.4,24.477,9.787,11.081,21.898,14.961,26.857,14.395
518.45,23.822,9.389,10.654,21.28,14.456,26.172,13.901
518.5,23.177,9.001,10.234,20.67,13.96,25.496,13.414
518.55,22.54,8.621,9.827,20.071,13.472,24.826,12.936
518.6,21.912,8.252,9.427,19.482,12.994,24.167,12.468
518.65,21.292,7.893,9.038,18.9,12.526,23.518,12.009
518.7,20.682,7.542,8.656,18.327,12.067,22.878,11.559
518.75,20.084,7.202,8.286,17.764,11.617,22.246,11.119
518.8,19.492,6.871,7.924,17.21,11.174,21.623,10.689
518.85,18.91,6.551,7.573,16.669,10.744,21.008,10.269
518.9,18.336,6.239,7.231,16.133,10.323,20.406,9.857
518.95,17.772,5.937,6.898,15.608,9.911,19.812,9.456
519,17.218,5.644,6.575,15.091,9.509,19.226,9.064
519.05,16.672,5.362,6.261,14.583,9.117,18.649,8.682
519.1,16.136,5.087,5.957,14.084,8.733,18.08,8.308
519.15,15.61,4.823,5.663,13.596,8.36,17.522,7.947
519.2,15.094,4.568,5.377,13.116,7.996,16.972,7.593
519.25,14.587,4.324,5.103,12.646,7.64,16.434,7.249
519.3,14.088,4.089,4.837,12.187,7.295,15.903,6.917
519.35,13.6,3.864,4.581,11.737,6.96,15.382,6.592
519.4,13.121,3.647,4.335,11.295,6.633,14.87,6.276
519.45,12.651,3.439,4.097,10.863,6.317,14.368,5.972
519.5,12.19,3.241,3.87,10.44,6.01,13.876,5.676
519.55,11.74,3.05,3.65,10.028,5.713,13.393,5.389
519.6,11.298,2.87,3.442,9.625,5.426,12.92,5.113
519.65,10.867,2.698,3.242,9.232,5.15,12.456,4.848
519.7,10.445,2.534,3.052,8.847,4.881,12.003,4.59
519.75,10.031,2.38,2.87,8.473,4.623,11.559,4.343
519.8,9.628,2.234,2.698,8.109,4.375,11.122,4.105
519.85,9.235,2.095,2.533,7.753,4.135,10.696,3.877
519.9,8.852,1.964,2.377,7.405,3.906,10.278,3.658
519.95,8.476,1.842,2.231,7.069,3.685,9.869,3.447
520,8.11,1.724,2.09,6.741,3.473,9.471,3.247
520.05,7.755,1.616,1.959,6.424,3.271,9.082,3.055
520.1,7.408,1.515,1.836,6.114,3.078,8.702,2.872
520.15,7.071,1.419,1.72,5.815,2.893,8.331,2.698
520.2,6.744,1.331,1.61,5.525,2.718,7.97,2.531
520.25,6.425,1.248,1.508,5.244,2.551,7.617,2.376
520.3,6.117,1.17,1.411,4.974,2.393,7.274,2.226
520.35,5.817,1.099,1.323,4.712,2.243,6.941,2.084
520.4,5.527,1.033,1.239,4.46,2.101,6.618,1.952
520.45,5.246,0.972,1.161,4.216,1.967,6.303,1.826
520.5,4.976,0.914,1.089,3.984,1.84,5.997,1.709
520.55,4.713,0.862,1.022,3.76,1.721,5.701,1.598
520.6,4.46,0.813,0.961,3.545,1.61,5.414,1.494
520.65,4.218,0.769,0.903,3.337,1.505,5.138,1.396
520.7,3.984,0.728,0.85,3.14,1.407,4.869,1.306
520.75,3.76,0.69,0.803,2.953,1.315,4.611,1.222
520.8,3.545,0.656,0.758,2.773,1.23,4.362,1.143
520.85,3.337,0.624,0.717,2.602,1.151,4.123,1.07
520.9,3.14,0.595,0.679,2.44,1.077,3.893,1.003
520.95,2.953,0.568,0.645,2.286,1.009,3.671,0.94
521,2.774,0.543,0.613,2.141,0.946,3.459,0.882
521.05,2.603,0.522,0.584,2.003,0.888,3.256,0.829
521.1,2.44,0.5,0.558,1.874,0.833,3.061,0.78
521.15,2.286,0.482,0.534,1.753,0.784,2.876,0.734
521.2,2.141,0.464,0.511,1.639,0.739,2.699,0.693
521.25,2.003,0.447,0.491,1.53,0.697,2.531,0.655
521.3,1.874,0.432,0.473,1.431,0.659,2.373,0.62
521.35,1.752,0.418,0.455,1.338,0.624,2.222,0.589
521.4,1.637,0.404,0.439,1.251,0.594,2.08,0.56
521.45,1.529,0.391,0.424,1.169,0.563,1.945,0.533
521.5,1.43,0.378,0.409,1.094,0.537,1.819,0.508
521.55,1.335,0.368,0.397,1.024,0.513,1.7,0.487
521.6,1.248,0.357,0.385,0.96,0.491,1.588,0.467
521.65,1.167,0.346,0.372,0.902,0.471,1.485,0.449
521.7,1.093,0.336,0.362,0.847,0.453,1.387,0.43
521.75,1.022,0.327,0.351,0.798,0.435,1.297,0.415
521.8,0.958,0.317,0.34,0.752,0.42,1.212,0.4
521.85,0.899,0.308,0.331,0.71,0.404,1.132,0.388
521.9,0.844,0.301,0.322,0.671,0.391,1.06,0.374
521.95,0.793,0.291,0.313,0.636,0.378,0.992,0.362
522,0.748,0.284,0.304,0.604,0.366,0.929,0.351
522.05,0.705,0.275,0.294,0.575,0.356,0.873,0.34
522.1,0.667,0.267,0.287,0.548,0.345,0.819,0.331
522.15,0.63,0.259,0.279,0.525,0.334,0.771,0.32
522.2,0.598,0.253,0.272,0.502,0.323,0.726,0.311
522.25,0.568,0.246,0.264,0.482,0.314,0.685,0.304
522.3,0.542,0.24,0.256,0.464,0.305,0.648,0.294
522.35,0.516,0.233,0.249,0.446,0.298,0.615,0.287
522.4,0.493,0.226,0.243,0.43,0.288,0.583,0.279
522.45,0.473,0.22,0.237,0.415,0.281,0.555,0.272
522.5,0.455,0.214,0.229,0.401,0.273,0.529,0.264
522.55,0.436,0.208,0.223,0.389,0.266,0.505,0.256
522.6,0.421,0.201,0.217,0.377,0.259,0.484,0.249
522.65,0.406,0.197,0.211,0.365,0.252,0.464,0.243
522.7,0.392,0.191,0.204,0.354,0.246,0.446,0.235
522.75,0.378,0.185,0.2,0.343,0.238,0.429,0.229
522.8,0.366,0.18,0.194,0.334,0.232,0.414,0.223
522.85,0.356,0.175,0.188,0.325,0.226,0.4,0.217
522.9,0.345,0.169,0.183,0.316,0.22,0.386,0.212
522.95,0.334,0.165,0.177,0.307,0.214,0.374,0.206
523,0.325,0.16,0.172,0.298,0.208,0.363,0.2
523.05,0.316,0.156,0.168,0.29,0.203,0.351,0.195
523.1,0.307,0.151,0.163,0.282,0.197,0.342,0.189
523.15,0.298,0.146,0.159,0.275,0.191,0.331,0.185
523.2,0.29,0.143,0.154,0.267,0.186,0.322,0.179
523.25,0.282,0.139,0.15,0.259,0.182,0.313,0.174
523.3,0.275,0.134,0.145,0.253,0.175,0.304,0.169
523.35,0.267,0.131,0.14,0.246,0.171,0.296,0.165
523.4,0.259,0.127,0.137,0.24,0.166,0.287,0.16
523.45,0.252,0.124,0.133,0.233,0.162,0.279,0.156
523.5,0.246,0.119,0.128,0.226,0.157,0.272,0.151
523.55,0.24,0.116,0.125,0.22,0.153,0.266,0.148
523.6,0.232,0.113,0.122,0.215,0.15,0.258,0.143
523.65,0.226,0.108,0.117,0.209,0.145,0.25,0.139
523.7,0.22,0.105,0.114,0.203,0.14,0.244,0.136
523.75,0.215,0.102,0.111,0.197,0.137,0.238,0.131
523.8,0.209,0.099,0.108,0.192,0.133,0.23,0.128
523.85,0.203,0.096,0.104,0.186,0.13,0.224,0.124
523.9,0.198,0.093,0.101,0.182,0.125,0.218,0.121
523.95,0.192,0.09,0.098,0.177,0.122,0.214,0.117
524,0.188,0.087,0.095,0.172,0.119,0.208,0.114
524.05,0.182,0.084,0.092,0.166,0.114,0.201,0.11
524.1,0.177,0.082,0.09,0.162,0.111,0.197,0.107
524.15,0.172,0.079,0.087,0.157,0.108,0.191,0.104
524.2,0.168,0.076,0.084,0.153,0.105,0.186,0.101
524.25,0.163,0.075,0.081,0.15,0.102,0.182,0.098
524.3,0.159,0.072,0.079,0.145,0.099,0.175,0.095
524.35,0.154,0.069,0.076,0.14,0.096,0.171,0.093
524.4,0.15,0.067,0.073,0.137,0.093,0.166,0.09
524.45,0.146,0.066,0.072,0.133,0.09,0.162,0.087
524.5,0.142,0.063,0.069,0.13,0.089,0.157,0.084
524.55,0.139,0.061,0.067,0.125,0.085,0.153,0.082
524.6,0.134,0.058,0.066,0.122,0.082,0.15,0.079
524.65,0.131,0.056,0.063,0.119,0.079,0.145,0.076
524.7,0.127,0.055,0.061,0.114,0.078,0.14,0.075
524.75,0.124,0.052,0.058,0.111,0.075,0.137,0.072
524.8,0.121,0.05,0.056,0.108,0.073,0.133,0.07
524.85,0.117,0.049,0.055,0.105,0.07,0.13,0.067
524.9,0.113,0.047,0.053,0.102,0.069,0.127,0.066
524.95,0.11,0.046,0.05,0.099,0.066,0.122,0.063
525,0.107,0.044,0.049,0.096,0.064,0.119,0.061
525.05,0.104,0.043,0.047,0.093,0.063,0.116,0.06
525.1,0.101,0.041,0.046,0.09,0.06,0.113,0.056
525.15,0.098,0.04,0.044,0.089,0.058,0.11,0.055
525.2,0.095,0.038,0.043,0.085,0.056,0.105,0.053
525.25,0.092,0.037,0.041,0.082,0.055,0.102,0.052
525.3,0.09,0.035,0.04,0.079,0.052,0.099,0.05
525.35,0.087,0.034,0.038,0.078,0.05,0.096,0.049
525.4,0.084,0.032,0.037,0.075,0.049,0.095,0.046
525.45,0.081,0.031,0.035,0.073,0.047,0.092,0.044
525.5,0.079,0.029,0.034,0.07,0.046,0.089,0.043
525.55,0.076,0.029,0.032,0.069,0.044,0.085,0.041
525.6,0.073,0.027,0.032,0.066,0.043,0.082,0.04
525.65,0.072,0.026,0.031,0.064,0.041,0.081,0.04
525.7,0.069,0.024,0.029,0.063,0.04,0.078,0.038
525.75,0.067,0.024,0.027,0.06,0.038,0.075,0.037
525.8,0.066,0.023,0.026,0.058,0.037,0.073,0.035
525.85,0.063,0.023,0.026,0.056,0.035,0.07,0.034
525.9,0.061,0.021,0.024,0.053,0.034,0.069,0.032
525.95,0.058,0.02,0.023,0.052,0.032,0.066,0.031
526,0.056,0.02,0.021,0.05,0.031,0.064,0.031
526.05,0.055,0.018,0.021,0.049,0.031,0.063,0.029
526.1,0.053,0.018,0.02,0.047,0.029,0.06,0.027
526.15,0.052,0.017,0.02,0.046,0.027,0.058,0.026
526.2,0.049,0.015,0.018,0.044,0.026,0.056,0.026
526.25,0.047,0.015,0.017,0.043,0.026,0.053,0.024
526.3,0.046,0.014,0.017,0.041,0.024,0.052,0.023
526.35,0.044,0.014,0.015,0.04,0.023,0.05,0.023
526.4,0.043,0.012,0.015,0.038,0.023,0.049,0.021
526.45,0.041,0.012,0.014,0.037,0.021,0.047,0.02
526.5,0.04,0.011,0.014,0.035,0.02,0.046,0.02
526.55,0.038,0.011,0.012,0.034,0.02,0.044,0.018
526.6,0.037,0.009,0.012,0.032,0.018,0.043,0.018
526.65,0.035,0.009,0.011,0.031,0.018,0.041,0.017
526.7,0.034,0.009,0.011,0.031,0.017,0.04,0.017
526.75,0.034,0.008,0.009,0.029,0.017,0.038,0.015
526.8,0.032,0.008,0.009,0.027,0.015,0.037,0.015
526.85,0.031,0.008,0.009,0.026,0.015,0.035,0.014
526.9,0.029,0.006,0.008,0.026,0.014,0.034,0.014
526.95,0.029,0.006,0.008,0.024,0.014,0.032,0.012
527,0.027,0.006,0.006,0.023,0.012,0.032,0.011
527.05,0.026,0.005,0.006,0.023,0.012,0.031,0.011
527.1,0.026,0.005,0.006,0.021,0.011,0.029,0.011
527.15,0.024,0.005,0.005,0.02,0.011,0.027,0.009
527.2,0.023,0.005,0.005,0.02,0.009,0.027,0.009
527.25,0.023,0.003,0.005,0.018,0.009,0.026,0.008
527.3,0.021,0.003,0.005,0.018,0.008,0.024,0.008
527.35,0.02,0.003,0.003,0.017,0.008,0.023,0.008
527.4,0.02,0.003,0.003,0.017,0.008,0.023,0.006
527.45,0.018,0.002,0.003,0.015,0.006,0.021,0.006
527.5,0.018,0.002,0.003,0.015,0.006,0.021,0.006
527.55,0.017,0.002,0.002,0.014,0.006,0.02,0.005
527.6,0.017,0.002,0.002,0.014,0.005,0.018,0.005
527.65,0.015,0.002,0.002,0.012,0.005,0.018,0.005
527.7,0.015,0.002,0.002,0.012,0.005,0.017,0.005
527.75,0.014,0,0.002,0.011,0.005,0.017,0.003
527.8,0.014,0,0.002,0.011,0.003,0.015,0.003
527.85,0.012,0,0,0.009,0.003,0.015,0.003
527.9,0.012,0,0,0.009,0.003,0.014,0.003
527.95,0.011,0,0,0.009,0.003,0.014,0.002
528,0.011,0,0,0.008,0.002,0.012,0.002
528.05,0.011,0,0,0.008,0.002,0.012,0.002
528.1,0.009,0,0,0.008,0.002,0.011,0.002
528.15,0.009,0,0,0.006,0.002,0.011,0.002
528.2,0.009,0,0,0.006,0.002,0.009,0
528.25,0.008,0,-0.002,0.006,0,0.009,0
528.3,0.008,0,-0.002,0.005,0,0.008,0
528.35,0.006,-0.002,-0.002,0.005,0,0.008,0
528.4,0.006,-0.002,-0.002,0.005,0,0.008,0
528.45,0.006,-0.002,-0.002,0.005,0,0.006,0
528.5,0.005,-0.002,-0.002,0.003,0,0.006,0
528.55,0.005,-0.002,-0.002,0.003,-0.002,0.006,0
528.6,0.005,-0.002,-0.002,0.003,-0.002,0.005,-0.002
528.65,0.005,-0.002,-0.002,0.003,-0.002,0.005,-0.002
528.7,0.003,-0.002,-0.002,0.002,-0.002,0.005,-0.002
528.75,0.003,-0.002,-0.002,0.002,-0.002,0.003,-0.002
528.8,0.003,-0.002,-0.002,0.002,-0.002,0.003,-0.002
528.85,0.003,-0.002,-0.002,0.002,-0.002,0.003,-0.002
528.9,0.003,-0.002,-0.002,0.002,-0.002,0.003,-0.002
528.95,0.002,-0.002,-0.002,0.002,-0.002,0.002,-0.002
529,0.002,-0.002,-0.003,0,-0.002,0.002,-0.002
529.05,0.002,-0.002,-0.003,0,-0.002,0.002,-0.002
529.1,0.002,-0.002,-0.003,0,-0.003,0.002,-0.003
529.15,0.002,-0.003,-0.003,0,-0.003,0.002,-0.003
529.2,0,-0.003,-0.003,0,-0.003,0,-0.003
529.25,0,-0.003,-0.003,0,-0.003,0,-0.003
529.3,0,-0.003,-0.003,0,-0.003,0,-0.003
529.35,0,-0.003,-0.003,-0.002,-0.003,0,-0.003
529.4,0,-0.003,-0.003,-0.002,-0.003,0,-0.003
529.45,0,-0.003,-0.003,-0.002,-0.003,0,-0.003
529.5,0,-0.003,-0.003,-0.002,-0.003,0,-0.003
529.55,0,-0.003,-0.003,-0.002,-0.003,-0.002,-0.003
529.6,-0.002,-0.003,-0.003,-0.002,-0.003,-0.002,-0.003
529.65,-0.002,-0.003,-0.003,-0.002,-0.003,-0.002,-0.003
529.7,-0.002,-0.003,-0.003,-0.002,-0.003,-0.002,-0.003
529.75,-0.002,-0.003,-0.003,-0.002,-0.003,-0.002,-0.003
529.8,-0.002,-0.003,-0.003,-0.002,-0.003,-0.002,-0.003
529.85,-0.002,-0.003,-0.003,-0.002,-0.003,-0.002,-0.003
529.9,-0.002,-0.003,-0.003,-0.002,-0.003,-0.002,-0.003
529.95,-0.002,-0.003,-0.003,-0.002,-0.003,-0.002,-0.003
530,-0.002,-0.003,-0.003,-0.002,-0.003,-0.002,-0.003
530.05,-0.002,-0.003,-0.003,-0.003,-0.003,-0.002,-0.003
530.1,-0.002,-0.003,-0.003,-0.003,-0.003,-0.003,-0.003
530.15,-0.002,-0.003,-0.003,-0.003,-0.003,-0.003,-0.003
530.2,-0.002,-0.003,-0.003,-0.003,-0.003,-0.003,-0.003
530.25,-0.002,-0.003,-0.003,-0.003,-0.003,-0.003,-0.003
530.3,-0.003,-0.003,-0.003,-0.003,-0.003,-0.003,-0.003
530.35,-0.003,-0.003,-0.003,-0.003,-0.003,-0.003,-0.003
530.4,-0.003,-0.003,-0.003,-0.003,-0.003,-0.003,-0.003
530.45,-0.003,-0.003,-0.003,-0.003,-0.003,-0.003,-0.003
530.5,-0.003,-0.003,-0.003,-0.003,-0.003,-0.003,-0.003
530.55,-0.003,-0.003,-0.003,-0.003,-0.003,-0.003,-0.003
530.6,-0.003,-0.003,-0.003,-0.003,-0.003,-0.003,-0.003
530.65,-0.003,-0.003,-0.003,-0.003,-0.003,-0.003,-0.003
530.7,-0.003,-0.003,-0.003,-0.003,-0.003,-0.003,-0.003
530.75,-0.003,-0.003,-0.003,-0.003,-0.003,-0.003,-0.003
530.8,-0.003,-0.003,-0.003,-0.003,-0.003,-0.003,-0.003
530.85,-0.003,-0.003,-0.003,-0.003,-0.003,-0.003,-0.003
530.9,-0.003,-0.003,-0.003,-0.003,-0.003,-0.003,-0.003
530.95,-0.003,-0.003,-0.003,-0.003,-0.003,-0.003,-0.003
531,-0.003,-0.003,-0.003,-0.003,-0.003,-0.003,-0.003
